2426
1173
1779
1781
1782
1783
1784
1785
1786
1787
1788
1789
1790
1791
1793
1794
1795
1796
1797
1798
1799
1801
1802
1803
1804
1805
1806
1807
1808
1810
1811
1812
1814
1950
2194
2200
2251
2334
2608
2740
2425
2936
3415
3416
3417
3418
3419
3590
3591
3592
3593
3594
3595
3596
3597
3598
3599
3620
3621
3622
3623
3624
3625
3626
3427
3628
3629
3630
3631
3632
3633
3634
3635
3636
3437
3638
3639
4146
4153
4154
4155
4156
4157
4159
4160
4161
4162
4167
4168
4169
4170
4172
4177
4178
4179
4276
4321
4322
4328
4400
4401
4402
4403
4522
2129
4569
4763
4657
4807
4808
4843
4844
4924
4925
4926
4927
4928
4929
4930
4931
4932
4933
