1173;1172;1174;1175
1779;397;404;2333;2339;4285;403;2336;4287;2341;2342;2335;391;401;4284;2344;2343
1781;2445;2430;2431;2436
1782;2437;2436;2438;1045
1783;2439;1036;1037;2440;1038;1039;1042;2438
1784;2120;4208;715;4207;2125;2192;2121;712;739;4209
1785;2127;4210;2124;2073;452;4521;2074
1786;2192;2121;712;2123;711;4209;2124;4693;710
1787;2074;509;2128;4493;511;2069;4516;4492;554;2070;4485
1788;2130;2132;4517;2040;4440;2395;4481;571;4404;2396
1789;2718;2724;2719;2723;2720;2721;2722;1237
1790;4846;2729;4867;4847;4866;4865;2726;4864;4863;2727
1791;4847;4848;4849;2732;2733;1093;4853;4855;1091;2736;4862;1089;4861;1086;2735;1088
1793;2466;348;1127;1110;347;1128;1111;1129;2247;1112;1115;2244;2246;2243
1794;2463;350;349;2457;2460;2472;2450;4567;1127;2448;2474;1128;2475;2275;2274;1130;2272;2271
1795;357;356;2326;2325;358;4317;355;2449;2318;4323;2448;2474;1233;1231;1234;2475;2322;1228;1220;2801;774;1219;1221;1158;2932;2288
1796;774;1219;1159;2932;2286;2802;1216;1217;1160;1249;2285;2759;1162;2757;1152;1151;1163;1164
1797;1164;4074;4065;4066;1165;4067;4078;4068;1166;4086;4109;1169;4081;4089;4105;4090
1798;2757;2756;4074;4053;4075
1799;1218;1210;2779;2756;4052;2781;4060;4051
1801;1171;1167;4084;1172;4082;4094;4095;4108;4106;1189;1185;1184;4784;4781;4782;2864;2880;1175
1802;4617;2815;2889;2816;2933;822;4605;815;2934;2945;2823;2944;2900;2832;808;2833;2830
1803;2935;2929;2928;2930;2934;2910;2900;2911;2909;2901;2905;2904;2902
1804;1105;1104
1805;2574;998;999;2575;997;996;1000;2576;2577;1002;2579;2580;2581;4895;4894;992
1806;1005;2594;2592;1004;1009;1003;2591;2593;1007
1807
1808;2483;2019;2482;2489;2481;2020;2480;2490;2506;1809;2507;2479;2625;4636;889;875;878;880;2496;2491;2478;4635;867
1810;978;2612;977;2611
1811;1006;2595;2594;1011;1813
1812;2599;2600;2595;2601;2603;2604
1814;977;2613;976;2609;2604;975;2606;974
1950;2042;571;570;2046;573;4478;567
2129;711;4693;4520;4519;2128;4518;4516;4514;4515
2194;707;708;4204;706;2184
2200;2226;578;448;2078;4509;577;2079;2068
2251
2334;405;2314;406;4271;4270;409;4272;2311;4288;408;2340;2338;393
2425;1780;4257;1080;4256;1963;4129;1964
2426;1072;1780
2608;2018;2602;2004;2501;2487;4917;2488;2019;2020;2489
2740;4806;2705;4803;638;2712;2707;4800;2706;2708
2936;746;2937;744;2931;2938;2889;2933;747;2935;2930;2934
3415
3416
3417
3418
3419
3427
3437
3590
3591
3592
3593
3594
3595
3596
3597
3598
3599
3620
3621
3622
3623
3624
3625
3626
3628
3629
3630
3631
3632
3633
3634
3635
3636
3638
3639
4146;20;2752;22;23;17;4144;24;4145
4153;315;21;4151;4114;18;20;10
4154;173;176;210;211;4694;2987;4695;197;212
4155;2424;4541;162;1952;261;268;158;4530;2998;4128;161
4156;463;1856;2197;462;422;2201;4301;2198;2203;4306;4305;425;4299
4157;205;103;4727;204;2991
4159;76;132;4759;4707;73;4758;1768
4160;73;1873;4758;110;4722;4740;4739;107
4161;166;1871;4740;2979;4720;103;205
4162;165;166;4721;1867;1871
4167;2467;2468;349;346;4568
4168;2465;343;336;2463;349
4169;339;340;2458;351;2454;352
4170;4337;414;2213;4335;413;429;4342;4171;2217;2218;4331
4172;416;2207;4300;2212;2211;4338;414;2210
4177;2214;427;4341;426;2215;428;2216
4178;2304;4315;330;331;329;2305
4179;419;4302;4304;2307;2206;4296;4293
4276;4273;4275;2336;4277;2332;2335
4321;2315;4318;2320;2317;2319;4320;360
4322;360;2321;4319;1231;2324;1234;2323
4328;2229;447;577;576;2230;435;2220;434;2232
4400;4404;2040;570;2397;573;2041;2398
4401;2041;2091;2398;580;568;579;2399;4394;2402;4396
4402;2132;2395;2167;2396;661;582;2166;583
4403;2170;2135;679;4212;678;2748
4522;711;2134;705;4519
4569;344;4568;2470;348;2464
4657;2108;4653;2742;2743;4201;4232;2111
4763;1768;4758;4759;1774;111;110
4807;637;636;2709;2711;4806;2710;4799;638
4808;2673;617;2674;2685;4809;4811;4810;619;618;2675;2682;620;2681;2676;2677;4818;2680;622;621;623
4843;610;1844;4821;611;1016;2373;2382;4840;1022;608;4822;4823;1823
4844;4398;2401;589;4841;585;590;601;2403
4924;2579;994;2580;990
4925;2564;4873;2013;970;2562
4926;2584;4912;2559;964
4927;964;963;2558;960;4876;2023;2557;955
4928;4875;4876;2557;2556;2555;2551
4929;2557;2556;955;2553
4930;2553;2552;4889;2011;949;951;4888;2548;941;935
4931;941;934;935;2527;4913
4932;935;936;4879;2527;931;2540
4933;949;2011;2549;2548;4878;936
