299;85;91;98;283;285;294;295;296
300;90;91;296;297;376
308;303;304;307;326;327;328;337;340;341;342;356;357;389;390;392
309;280;313;314;317;318;319;320;324;328;329;331;334;335;337
310;125;128;133;140;141;143;374;376;377;380;383;384
311;245;251;366;370;371;372;373;394
386;85;285;349;351;352;353
387;288;352;353;355;357;358;359;360;389
388;332;337;338;342;343;391
417;438;440;441;442
418;422;423;424;425;429;430;433;434;435;436;437;438;442
419
420
421;435;442
598;590;596;601;606;916
917;594;595;596;600;603;609
918;591;592;595;604;605;607;608
919;706;711;864;874
920;615;814;815;816
921;585;719;752;798
922;688;699;832;912
923;657;699;825;831;912
924;817;825;826;831;833
925;666;810;816;817;826;906
926;678;810;827;906
927;678;811;827;829;844;908
928;620;621;882;883;884
929;583;589;601;606;914
930;713;854;863;873;875;876
931;854;855;865;872;874
932;586;587;757;868;872
933;587;858;868;871
934;714;858;869;870;871
1717;1583;1584;1586;1589;1591;24666;24669
1718;1585;1589;1591;1593;1595;1607;1608;1621
1719;1605;1606;1607;1615;1621;1622;1654
1720;1535;1564;1565;1566;1568;1579;1580;1594
1721;1549;1552;1554;1563;1568;1571
1722;1539;1540;1541;1542;1543;1555;1556;1567
1723;1543;1548;1554;1555
1724;1543;1553;1554;1569;24623
1725;1550;1552;1569;1571
1726;1585;1588;1589;1590
1727;1398;1585;1590;1595;1621
1728;1579;1580;1581;1582
1729;1396;1581;1582;1584
2312;5822;5823;5824;5826;5918
2330;5825;5853
2597;2357;2361;2363;2561
2598;1853;2349;2357;2363
2599;2046;2071;2391;2558
2600;2055;2056;2386;2391;2431;2510;2538
2601;2386;2396;2431;2510;2540
2602;2384;2396;2509;2510
2603;2380;2430;2511;2540
2604;2430;2431;2432;2433;2540;2541
2605;2430;2439;2450;2463;2467;2541;2542
2606;2429;2439;2470;2512
2607;2426;2429;2430;2494;2511
2608;2450;2452;2463;2483;2485;2487;2526
2609;2445;2452;2470;2487;2521
2610;2387;2393;2400;2455;2493;2505
2611;2445;2451;2520;2521
2612;2421;2424;2445;2451;2519
2613;2404;2412;2413;2421;2447;2468;2479;2518
2614;2409;2412;2418;2447;2456
2894;2765;2883;2889;2893
2903;2889;2893;2902;2912;2959;2960
3076;3046;3048;3056;3075;3077
3108;2898;2899;2909;2917;2918;2923
3109;2909;2914;2915;2916;2917
3110;2896;2909;2916;2943
3111;2745;2746;2748;2896;2913;2944
3112;2898;2899;2906;2907
3113;2899;2905;2907;2924;2925
3114;2737;2738;2743;2953;2966
3115;2740;2770;2771;2953;2954;2966;2967
3116;2699;2700;2770;2771
3117;2762;2763;2765;2783;2883;2961;2962;2969
3118;2755;2775;2776;2962
3119;2754;2755;2775;2788;2963
3120;2754;2766;2768;2788;2968
3121;2708;2804;2809;2810;2984
3122;2696;2951;3004;3359;3369
3123;2689;2696;2698
3124;2677;2678;2689
3125;2675;2676;2677;3016
3126;2674;2676;2681;3013;3014;3015;3016
3127;2793;2796;2817;2818;2849;2852
3128;2820;2993;2996;2997
3129;2831;2838;2839;2840;2999
3130;2830;2833;2840;2845;2999
3131;2815;2840;2845;2846;2995
3646;3448;3632;3633;3634
3647;3461;3462;3475;3594;3595
3648;3454;3597;3606;3607
3649;3452;3487;3608;3609
3650;3439;3441;3442;3447;3641;3642;24601
3651;3442;3447;3489;24614
3652;3455;3490;24615
3653;3452;3489;3608
3654;3452;3455;3489;3501;24614;24615
3655;1540;1541;3490;3644;24625;24626
3656;2678;2696;3357;3358;3369;3377;3630
3657;2674;2675;2677;2678;3376;3418;3630
3658;2674;3013;3418;3420;3424;3635
3957;3693;3695;3699;3700;3703;3765;3770;3787;3832;3844;3871;5100
3958;3701;3735;3736;3740;3766;3769;3776;3801;3897;3898;3905;3910;3918;3931;3951
4240;3991;4032;4033;4232
4241;3969;3971;4051
4242;3963;3964;3965;3966;3969;3970;3971
4243;3969;3972;3973;3978;3979;4048;4051;4230
4244;3978;3994;3996;4034;4038;4039;4048
4245;3977;3981;3989;3996;4231
4246;3994;4027;4034;4231
4247;4007;4008;4012;4019;4202;4203;4236
4248;4019;4025;4029;4030;4031;4032;4033
4249;3997;4002;4003;4004;4162
4250;3992;4002;4003;4007;4163;4203
4251;4027;4029;4033;4231;4232
4252;4045;4060;4170;4185;4205
4253;4018;4021;4022;4024;4180;4930
4254;4796;5080;5087;5102;5110
4255;4801;4852;4930;5030;5080;5097;5098;5110
4256;4028;4031;4036;4040;4199;4200;4201
4257;4043;4047;4102;4160;4161;4356;4357
4258;4356;4357;4358;4360;4361
4259;4346;4349;4350;4353;4354;4355;4366;4369;4431
4260;4189;4341;4342;4345;4363
4261;4101;4112;4161;4220;4223;4239
4262;4037;4040;4044;4045;4047;4078;4099;4198;4199;4200;4201;4212;4213;4214
4263;4100;4106;4173;4182;4183;4225;4238
4264;4079;4080;4090;4091;4093;4095;4097
4265;4111;4116;4118;4125
4266;4104;4115;4124;4224
4267;4107;4174
4268;4079;4080;4087;4172;4211
4269;4073;4087;4204;4210;4211
4270;4068;4080;4093;4176
4271;4068;4081;4083;4176
4272;4081;4096;4179;4184
4273;4360;4362;4363;4364;4365;4366;4367;4368
4274;4101;4191;4192;4239;4336;4341;4356;4361;4363
4275;4194;4345;4363;4364
4276;4194;4196;4346;4364;4365;4366
4277;4036;4042;4043;5080;5087
4278;4099;4161;4238
4279;4106;4161;4183;4238
4280;4015;4017;4018;4024;4229
4281;4026;4930;5080
4282;4010;4013;4026;4035;4036;4202;4234;4235
4283;4020;4030;4031;4035;4036
4284;4037;4042;4043;4047;4200
4285;4158;4191;4221;4222;4223;4239;4336
4286;3997;4001;4004;4207;4237
4287;4034;4041;4049
4288;4027;4028
4289;4040;4044
4290;4084;4103;4104;4107;4110;4173;4174;4178
4291;4081;4083;4107;4179
4292;3974;3976;3977;3996;4038
4293;3989;4231;4232
4294;3991;4019;4032;4163;4203
4295;4005;4006;4008;4010;4011;4014;4202
4296;4043;4102
4297;4102;4160
4298;4356;4357
4299;4101;4161
4300;4037;4047
4301;4047;4099
4302;4047;4161
4303;4106;4112;4161
4304;4035;4036
4305;4036;4042;4200
4306;4043;4047
4307;4223;4239
4308;4036
4309;5080
4310;4028;4040
4311;4049;4205
4312
4313;4044;4045
4449;4397;4399;4400;4402;4403;8285
4450;4393;4394;4395;4397;4398;4399
4451;4396;4397;8285;8286;8287;8288;8412
4452;4421;4422;4423;4429;4435;4527
4453;4398;4404;4406;4410;4412;4414;4417;4420;4421;4425;4426;4427;4428;4429
4454;4424;4435;4510;4515;4527
4455;4511;4512;4513;4514;4515;4516;4517;4518;4523
4456;4515;4523;4524;4525;4527;4528;4529
4457;4366;4369
4458;4367;4369;4370;4371;4372
4459;4370;4371;4372;4373;4408;4409;4411;4413;4415;4416
4460;4373;4374;4416;4418;4419;4422;4423;4424;4435
4461;4374;4375;4424;4510;4511;4512;4513;4514
4462;4355;4369;4370;4376;4380;4381;4405;4407;4408;4434;4436;4439
4463;4369;4370
4464;4370;4371
4465;4371;4372
4466;4372;4373
4467;4374;4375
4468;4421;4429
4469;4366;4369
4470;4373;4416
4471;4370;4408
4472;4374;4424
4473;4355;4369
4474;4435;4527
4475;4375;4514
4476;4397;4399
4477;4397;8285
4478;4429;4527
4479;4390;4391;4393;4398;4404
4480;4239;4336
4481;4341;4363
4482;4363;4364
4483;4360;4361;4363
4484;4357;4358
4485;4362;4368
4486;4369
4487;4101;4356
4488;4346;4366
4489;4365;4366
4490;4367;4368
4491;4364;4365
4492;4194;4364
4493;4367
4494;4366
4495;4367;4372
4496;4345;4363
4497;4648;4649;4662;4663
4498;4530;4531;4598;4599;4600;4602
4499;4623;4624;4626;4627;4643
4500;4651;4652;4655;4656;4657;4658;4659;4660;4661;4671;4698
4501;4667;4668;4670;4693;4694;4695;4696;4713;4714
4502;4665;4666;4675;4691;4693;4694;4713
4503;4686;4687;4688;4691;4713;4714;4715
4504;4680;4681;4690;4691
4505;4711;4712;4720;4723;4724;4725;4726;4727;4728;4730;4731;4732;4733;4741;4742;4747
4506;4610;4611;4612;4613;4614;4618
4507;4510;4511;4515
4508;4515;4527
4509;4515;4523
5124;4785;4889
5125;4801;5098
5126;5044;5063
5127;5097;5098
5128;4795;4964
5129;5097;5110
5130;4930
5131;4031;4036
5132;5080;5110
5133;4796;5087
5134;4796;5102
5135;4896;5079;5104
5136;4362;5044
5137;4784;4902;4982;4997;5016;5024
5138;4786;5034
5139;4786;5035
5140;4786;5064
5141;4367;5089
5142;5122
5143;4160;4873
5144;4102;4931
5145;4896;5083
5146;4102;5079
5147;4043;5087
5148;5102;5110
5149;4375
5150
5151;4517
5152;4568
5153;4565
5154;4024
5155;4026
5156;4013;4015;4026
5157;4026
5158;4782;4784;4785;4786;4823;4849;4872;4874;4889;4946;4989;4997;5005;5024;5029;5034;5063;5064;5122
5159;4022;4023;4180;4787;4797;4801;4805;4852;4930;5025;5026;5030
5160;3941;4787;4795;4801;4803;4810;4866;4935;4944;4964;4979;4994;5023;5025;5049;5054;5068;5098
5161;4795;4964;5012;5097;5098;5101;5110
5162;4811;4913;4914;4922;4942;4964;5012;5046;5070;5074;5101;5102;5110
5163;4043;4102;4796;4813;4846;4917;5079;5087;5102;5104
5164;4102;4785;4800;4896;4931;5079;5083
5165;4780;4793;4794;4804;4896;4932;4937;4941;4968;5032;5081;5083;5105
5166;4102;4160;4785;4800;4823;4872;4873;4889;4931;5063
5167;4160;4357;4358;4359;4362;4873;5044;5063
5168;4362;4367;4368;4786;5035;5044;5064;5089;5122
5169;4367;4372;4373;4374;4375;4514;4516;4517;4519;4554;4565;4566;4568;4569;4786;4920;5034;5035;5089
5557;5182;5197;5198;5206;5207;5209;5409;5421;5424;5437;5438;5439;5446;5447;5457;5458;5460
5558;5182;5432;5434;5446
5559;5199;5200;5201;5202;5203;5427;26775
5560;5172;5385;5386;5388;5392
5561;5300;5301;5302;5307;5323;5324
5562;5306;5307;5356;5358
5801;5670;5671;5672;5677;5695;5711;5712;5713;5714;5715;6124;6125;6128
5802;5677;5678;5679;5694;5696;5697;5701;5702;5715;5717;5718;5720;5721
5803;5673;5675;5677;5678;5693;5695;5696
5804;5683;5700;5702;5720;5721;5722
5805;5700;5705;5722;5739;5741
5806;5705;5706;5707;5724;5725;5728;5729;5731;5741
5807;5729;5730;5731;5733
5808;5734;5735;5736;5737
5809;5689;5703;5704;5707;5728;5729;5730;5734;5736;5737;5738
5810;5689;5691;5710;5738;5743;5744;5746;5751;5762;5763
5811;5676;5680;5681;5697;5698;8135
5812;5669;5681;5682;5684;5699
5813;5681;5682;5692;8134
5814;5682;5686;5699;5765;5783;5791
5815;5771;5772;5779;5791;5794
5816;5768;5779;5780;5781;5782;5786
5817;5770;5771;5784;5786;5790
5818;5773;5774;5775;5785
5819;5682;5692;5783;7885
5820;5781;5784;5785;5786;5788;5792
6252;6248;6249;6250;6255
6253;6249;6250;6251;7673
6275;6270;6272;6273;6274;6318;6319
6293;6282;6283;6288;6290;6341;6342
6298;6258;6278;6279;6280;6291;6295;6301;6304
6317;6200;6202;6314;6315
6326;6323;6350;6351;6396;6397;6422;6426;6428;6467;6469;6471;6476;6481;6483
6327;6284;6287;6346;6350
6328;6323
6329;6287;6322;6323;6324;6325;6335;6336
6333;6323;6325;6332;6475;6476
6334;6324;6325;6330;6331;6332
6399;6351;6352;6360;6394;6395;6397
6400;6360;6389;6391;6392;6395;6405;6407
6416;6392;6394;6395;6396;6411;6414;6449
6453;6390;6391;6447;6449;6451;6452;6455;6460;6461
6457;6454;6455;6456;6461;6462;6502;6503;6565;6566;6567;6632;6635
6466;6464;6465;6490
6477;6475
6487;6425;6467;6471;6474;6480;6481;6482;6483;6489;6491;6492
6499;6463;6493;6496
6500;6411;6412;6420;6421;6425;6427;6444;6447;6449;6450;6452;6454;6456;6465;6490;6491;6492;6495;6503;6504;6511;6512;6514;6515;6518;6519
6520;6504;6505;6506;6508;6509;6516;6517;6518
6525;6521;6524;6644;6645;6648;6660;6664;6666
6615;6611;6612;6613;6614;6639
6649;6641;6647;6648;6658;6659
6656;6430;6431;6432;6433;6650;6651;6652;6655;6657;6658;6661;6667;6674;6675;6676;12813
6677;6434;6435;6438;6441;6672;6675;6676;6681
6683;6672;6673;6679;6680;6681;6685
7023;6308;6310;7016;7017;7018;7019;7021
7035;7029;7030;7032;7038;7041;7113;7155;7192;7194
7063;7053;7055;7059;7060;7061;7062
7064;7055;7058;7062;7078;7079
7065;7059;7062;7066;7068;7071;7079;7080
7072;7067;7069
7073;6307;6309;6311;6330;6331;6332;6337;7066;7067;7068;7069;7070;7071
7349;7104;7110;7162;7180;7181;7182;7183;7184;7185;7187;7188
7350;247;248;250;7160
7351;250;7105;7159;7160;7164;7165;7166;7189
7352;7105;7160;7161;7163;7189
7353;7105;7161;7162;7186;7188
7354;233;241;7167;7168
7355;237;239;7170;7172;7174;7176
7356;7017;7018;7019;7028;7050;7051;7058;7075;7076;7077;7078
7357;7075;7076;7077;7079;7081;7082
7358;6309;6311;7071;7080;7081;7082
7741;7454;7456;7458;7459;7480;7481;7497;7506;7507;7519;7532;7541;7550;7552;7554;7555;7557;7562;7582;7589;7616;7659;7736;7739;7740
7742;7438;7454;7455;7507;7584;7601;7602;7607;7627
7743;7440;7441;7442;7443;7581;7585;7602;7735
7744;7451;7453;7607
7745;7436;7451;7590;9007;9291;9413;9507;9508
7746;7436;7451;7453;7502;7590;7655;9418;9419;9420;9434;9546
7747;7435;7443;7451;7626
7748;7478;7481;7489;7560;7561;7566;7659;7661;7666;7667;7703;7706;7707;7717;7718;7721;7726;7738;7739
7749;7527;7528;7566;7569;7598;7658;7660;7661;7662;7663;7664;7666;7667;7668;7695;7699;7700
7750;7551;7576;7584;7588;7600;7601;7602;7603;7605;7606;7608;7622;7623;7625;7644;7735
7751;7576;7600;7603;7605;7606;7608;7645;7707;7709
7752;7449;7470;7475;7491;7492;7520;7596;7630
7753;7503;7639;7640;7642;14669;14670;14732
7754;7465;7483;7493;7494;7508;7521;7523;7529;7530;7542;7543;7546;7595;7620;7628;7634;7635;7636;7737
7755;7473;7483;7526;7537;7573;7577;7578;7580;7634;7637;7639;7642
7756;7466;7510;7596;7630;7632;7633
7757;7464;7466;7509;7629;7633;7636;7737
7758;7503;7508;7632;7633;7635;7640
7759;7468;7543;7545;7548;7619;7620
7760;7463;7465;7496;7591;7592;7618;7619;7620
7761;7452;7461;7490;7500;7501;7505;7513;7613;7638;7646
7762;7449;7452;7462;7492;7498;7499;7514;7638
7763;7490;7497;7498;7519;7616;7638
7764;7735
7765;7439;7440;7441;7735;9254
7766;7535;7549;7594;7650;7653;7657
7767;7594;7637;7650;7652;7658;7700
7768;7474;7525;7527;7528;7531;7567;7569;7574;7593;7595;7660
7769;7579;7624;7643;7645
8231;7850;7851;7969;8017;8088;8109
8232;7851;8104;8109;8110;8142;8171
8233;7856;7858;7966;8103;8104;8106;8110
8234;7866;7867;7869;7870;8127;8128
8235;7869;7870;7871;7872;8127
8236;7871;7872;7874;8129;8147
8237;7873;7874;7876;8130
8238;7876;7877;7878;7881;7882;7883;8130
8239;8014;8033;8098;8101
8240;8004;8005;8022;8024;8139
8241;8005;8010;8013;8022;8098;8101;8117;8139
8242;8012;8013;8014;8015
8243;8005;8006;8007;8009;8117;8118
8244;8028;8029;8030;8084
8245;7998;8000;8001
8246;8000;8001;8003;8004;8006
8247;8030;8084;8138;8174
8248;7997;8001;8002;8003
8249;7990;7991;7992;7994;7998;7999;8000
8250;7985;7987;7989;7990;8168
8251;7914;7951;7953;7986;7987;7988
8252;7960;7976;7977;7978;8122
8253;7977;7983;7986;7987;8122
8254;7954;7977;7986;8144;8173
8255;7952;7954;7955;8173
8256;7949;7950;7951;7952;7953
8257;7984;7985;7991;7992;8119
8258;7978;7979;7980;7983;7985;8119;8168
8259;7914;7915;7916;7917
8260;7912;7914;7915;7950
8261;7947;7955;7957;8144;8172
8262;7947;7948;7949;7952;7955
8263;7922;7923;7924;7926;7928;7937
8264;7894;7895;7896;7899;8126;8156;8867;8868
8265;7892;7893;7895;7896;7921
8266;7896;7900;7901;7921
8267;7945;7946;7947;7948;8136
8268;7956;7957;8123;8172
8269;7906;7932;7944
8270;7959;7960;7961;7975;7976;7978;8115;8133
8271;7888;7889;7890;7893;7922;8157
8272;7875;7876;7879;7935;7938;7939;8147
8273;7868;7871;7958;7959;7961;8127;8145
8274;7871;7958;8146;8147
8275;7876;7878;7879;7881;8131
8276;5681;5796;7880;7882;8134;8135;8153
8277;7879;7884;8131;8153;8154
8278;5692;7885;8134;8153;8154
8279;5769;7885;8154
8280;7938;7939;7940;8146;8149
8281;7935;7936;7938;7941;8149
8282;7879;7884;7922;7933;7934;7935;7936;7937;8152;8157
8283;5789;7884;7886;7887;7933;7934;8154;8155;8158
8284;7887;7888;7890;7891;8155;9084
8429;8372;8374;8375;8381
8430;8349;8350;8354;8355;8358;8363;8367;8368;8369;8370;8371;8372;8374;8419
8431;8298;8299;8300;8301
8432;8302;8303;8304;8305;8306;8313;8317
8433;8297;8302;8306;8307
8434;8306;8307;8308;8310;8313
8435;8309;8310;8311;8312
8789;8576
8790
8791;8446
8792;8698;8787
8793;8700;8786
8794;8658;8715
8795;8658;8680
8796;8680;8744;8751
8797;8446;8447;8448;8449;8455;8456;8457;8458;8459;8460;8462;8463;8466;8467;8468;8482;8489;8490;8506;8510;8511;8521;8522;8523;8551;8553;8554;8556;8559;8562;8563;8565;8566;8572;8573;8574;8575;8576;8582;8584;8669;8670;8671;8674;8693;8694;8695;8752;8754;8756;8765;8766;8774;8776
8798;8565;8566;8571;8572;8583;8584
8799;8286;8291;8292;8300;8411;8412;8413;8415;8591;8615;8634;8654;8680;8709;8744;8745
8800;8298;8301;8308;8411;8654;8747;8750
8801;8308;8309;8311;8338
8802;8338;8339;8340;8341;8367;8368
8803;8368;8369;8370;8371
8804;8371;8373;8383;8384;8385;8387;8747
8805;8387;8685;8708;8746;8747;8748;8749
8806;8655;8656;8657;8658;8659;8680;8685;8686;8708;8711;8712;8714;8715;8746;8748;8749;8751;8767
8807;8655;8656;8745;8746;8747;8751
8808;8614;8632;8658;8680
8809;8596;8597;8598;8632;8649;8653;8658;8715
8810;8612;8700;8701;8714;8758;8767;8784;8786
8811;8665;8683;8700;8757;8786
8812;8672;8673;8683;8684;8698;8757;8758;8775;8786;8787
8813;8698;8778;8779;8781;8783;8787;8788
8814;8669;8698;8776;8783;8785
8815;8761;8762;8766;8776;8785
8816;8759;8760;8778;8779;8781;8782
8817;8758;8768;8769;8775;8777;8780;8788
8818;8387;8388;8392;8400;8409;8410;8439;8657;8708;8758;8767;8768;8784
8819;8473;8495;8496;8636;8641;8670;8671;8674;8693;8694;8695;8703;8740;8741;8742;8743;8753;8754;8756
8820;8473;8476;8482;8671;8752;8753
8821;8441;8442;8443;8448;8449;8456;8458
8822;8513;8514;8515;8528
8823;8512;8513;8528;8529
8824;8527;8529;8530;8531
8825;8534;8535;8536;8537;8541;8545
8826;8308
8827
8828
8829
8830
8831;8371
8832;8338
8833;8368
8834
8835;8747
8836;8747
8837
8838;8387
9301;7894;8156;8868;8874
9302;7894;7897;8359;8874;8875
9303;8420;8880;9092;9107;9265
9304;8877;8878;9041;9080;9082;9091;9096;9216
9305;8884;9041;9090;9091
9306;8890;8920;9089;9090
9307;8891;8922;9089;9132;9215
9308;8922;8923;9117;9120;9132
9309;8894;8895;8896;8933;9145
9310;8893;9032;9094;9108
9311;8895;8897;9108;9142
9312;9026;9047;9158;9220;9221;9222;9275
9313;8931;9038;9148;9155
9314;8928;8942;9038;9148;9153
9315;9180;9181;9271;9276
9316;8947;9111;9172;9196
9317;8918;8964;8967;9278
9318;8919;8970;8977;9192
9319;8971;8977;8981;9192;9279
9320;8982;8983;8984;9280;9281;9288
9321;8960;8961;9273;9283
9322;8871;8881;8882;9076;9105
9323;8882;8885;9074;9105
9324;8885;8887;9063;9074
9325;8884;9041;9063;9074
9326;8889;8921;8934;9062;9113;9115;9116;9118
9327;8924;8925;8934;8935;8936;9113
9328;8925;8936;8937;8988;9042;9106
9329;8987;8988;8989;8990;8991;9098;9106
9330;8938;8940;8992;9098
9331;8940;8941;8992;8993;9099
9332;7891;7892;8867;9084;9085
9333;8865;8870;9079;9081
9334;8870;8871;9023;9075;9076;9077
9335;8865;8872;8873;9082;9083;9216
9336;8882;8883;9023;9076
9337;9003;9004;9006;9045;9125
9338;9010;9068;9124;9239;9240
9339;8942;8943;8987;8989;8990;8991;8992;8993;8998;9009;9012;9013;9024;9027;9028;9036;9042;9049;9057;9068;9110;9128;9150;9186;9211;9236
9340;9027;9028;9057;9058;9178
9341;8965;8966;8985;9013;9017;9055;9056;9057;9058;9245
9342;8984;9189;9227;9229;9252;9286;9287;9392;9488;9520
9343;9014;9015;9016;9019;9022;9184
9344;8945;8946;8963;9055;9058;9178
9345;8968;8969;8981;8982;8985;8986;9014;9016;9017;9018;9189;9190;9191;9227;9244;9505;9520
9346;9021;9127;9243;9263;9406;9407;9412;9413
9347;9022;9263;9406;9442;9521
9348;8912;9029;9054;9154;9156;9182;9270;9271
9349;8912;9167;9168;9177;9271
9350;9027;9028
9351;9028;9057
9352;9013;9057
9353;8985;9017
9552;9390;9426;9428;9440;9451;9536
9553;9427;9428;9429;9430;9436;9437;9440;9447;9467
9554;9437;9438;9447
9555;9390;9438;9439;9440;9447;9453;9456;9469;9496;23723;23726;23727;23788;23789;23795;23798;23799
9556;9439;9446;9469;9501;9502;9504
9557;9469;9496;9504
9558;9496;23790;23791;23795;23796;23797;23798
9559;23781;23785;23786;23790;23791;23792;23793
9560;23708;23709;23710;23711;23727;23781;23782;23784;23788;23789;23791;23794;23795;23797;23799;23800;23801;23802
9561;13921;13930;23708;23725;23765;23780;23782;23783;23784;23787;23794;23801;23802
9562;9417;9418;9419;9455;9471;9477;9506;9514;9545;9546
9563;9406;9407;9408;9416;9450;9475;9478;9493;9509;9510;9511;9512;9534;9535
9564;9389;9416;9426;9449;9451;9493;9506;9517;9518
9565;9423;9424;9426;9427;9428;9506;9514;9536
9566;9444;9460;9476;9493;9518;9543
9567;9389;9390;9449;9456
9568;9412;9414;9415;9416;9450;9506;9507;9508;9513;9544;9545
9569;9389;9391;9444;9452;9456;9516;9517;9518;23705;23706;23707;23753
9570;9404;9441;9472;9475;9478
9571;9411;9441;9473;9478;9490;9491
9572;9443;9462;9473;9474;9480;9487;9492;9519;9537;9538
9573;9432;9473;9488;9490;9505;9519;9520
9574;9392;9394;9487;9488;9519
9575;9395;9463;9527;9528
9576;9393;9480;9487;9527;9528;9529
9577;9430;9438;9439;9446;9464;9500;9502;9503
9578;9494;9495;9499;9500;9503
9579;7449;7450;7599;9494;9499
9580;7596;7597;7599;9497;9499
9581;7597;9497;9498
9582;9446;9497;9498;9501;9504
10160;9636;9637;9638;9649;9650;9929;9931;9940;9941;9944;10056
10161;9640;9651;9929;9941;9942;9943;9944;9956;9957;10056
10162;9682;9933;9958;10032;10043;10111
10163;9625;9626;9634;9642;9643;9645;9653;9866;9870;9939;9949;10033;10034;10035;10040;10041;10046;10053;10112
10164;9645;9646;9874;9876;9936;9937;10018;10026;10046;10113;10114;10116;10119;10121
10165;9626;9874;10046;10048;10051
10166;9678;9835;9878;9879;9880;9903;9904;9906;9907;9984
10167;9676;9883;9885;9905;9978;9979;9981
10168;9673;9674;9837;9838;9884;9885;9977;9978;9979;9981;9983
10169;9674;9675;9881;9882;9885;9892;9895;9980
10170;9683;9689;9690;9959;10015;10017
10171;9583;9659;9684;9691;9692;9693;9720
10172;9598;9599;9600;9601;9602;9603;9604;9861
10173;9965;9966;9971;9972
10174;9780;9799;9800;9801;9802
10175;9734;9772;9777;9780;9800;9815;9820
10176;9726;9728;9773;9779;9791;9810;9817;9818
10177;9743;9744;9988;9991;9992;9993
10178;9701;9702;10054;10134;10136;10142;10144
10179;9915;10107;10108;10109;10110;10137;10139
10180;9912;9913;10064;10066;10146;10149;10154
10181;9694;9833;10067;10077;10080
10182;9829;9830;10081;10082;10085;10089;10090
10183;9832;10065;10085;10088;10091
10184;9709;10096;10097;10098
10185;9710;9839;10061;10083;10084;10088;10091;10092
10186;10061;10070;10076;10079;10094;10095;10103
10187;9714;9911;9920;9922;10060;10062;10069;10071;10073
10188;10067;10079;10080;10084
10189;10069;10070;10101;10103;10104;10105
10190;10101;10129;10130;10131
10191;10062;10063;10066;10129;10132;10133;10142
11009;10564;10797;10798;10938;10939;10941;10942
11010;10824;10826;10828;10938;10942;10943
11011;10796;10828;10836;10876;10943
11012;10796;10876;10940
11013;10580;10581;10876;10940;10954
11014;10577;10578;10673;10774;10956;10960;10979
11015;10573;10577;10579;10673;10685;10948;10950
11016;10535;10729;10743;10769;10863
11017;10670;10729;10730;10769
11018;10535;10634;10645;10744;10769;10783
11019;10635;10793;10794
11020;10570;10635;10793;10972
11021;10932;10933;13777;13778
11022;10813;10814;10884;10933;13778
11023;10813;10815;10817;10884;10937
11024;10563;10932;10934;10937;10944;10973;10974;13792
11025;10562;10775;10968;13798
11026;10575;10576;10583;10930;10931;10957
11027;10551;10555;10717;10718;10896;10915
11028;10556;10560;10589;10644;10716;10717;10914;10915;10916
11029;10556;10620;10644;10716;10913;10914
11030;10585;10586;10622;10624;10674
11031;10690;10691;10906;10909;10910;10912
11032;10617;10630;10632;10633;10907;10909;10911;10912
11033;10588;10615;10616;10617;10626;10638;10902;10907
11034;10649;10650;10989;10990
11035;10642;10657;10665;10752;10756;10757;10886
11036;10660;10676;10753;10757;10758
11037;10952;10953;10954;10955;10978
11038;10741;10893
11039;10592;10648;10681;10717;10718;10837;10893;10895;10896
11040;10747;10793;10963;10971;10972
11041;10536;10701;10703;10704;10742;10856;10859;10880
11042;10600;10703;10714;10742;10844;10878;10879
11043;10537;10721;10722;10857;10858
11044;10857;10858;10860;23408
11045;10700;10701;10857;10859;10860;10917;10918;23406
11046;10720;23354;23355;23392;23394;23410;23411
11047;10720;10721;10882;23392
11048;10882;10883;11005;23355;23392;23393
11049;11003;11005;11006;23358;23393;23395
11050;10593;10689;10855;10862;10867;11004;11006;11007;23374;23395
11051;10537;10680;10740;10861;11000;11002
11052;10854;10865;11002
11053;10862;10867;11007;11008;13882;13885;13888
11054;10537;10693;10694;10698;10700
11055;10540;10550;10552;10553;10711;10712;10713;10843;10849;10850;10881
11056;10595;10596;10687;10723;10738;10997;10998;10999;13859
11057;10726;10996;13808;13810;13811
11058;10595;10727;10734;10735;10736
11059;10688;10900;10999;13852;13857;13859
11060;10598;10706;10707;10710;10994
11061;10598;10677;10706;10734
11062;10598;10719;10992;10994
11063;10894;10897;10992;10993
11064;10719;10743;10771;10779;10863;10897;10992
11065;10865;10882;10883;11002;11003;11004;11006
11585;11176;11195;11196;11197;11199;11200
11586;11179;11180;11181;11185;11186
11587;11332;11333;11353;11354
11588;11343;11347;11355;11358;11359;11361
11589;11355;11356;11357;11358;11359;11384
11590;11324;11325;11334;11340;11341;11343;11354
11591;11343;11353;11354;11355
11592;11300;11332;11349;11353
11593;11304;11351;11357;11368;11377;11378;11380
11594;11357;11380
11595;11375;11376;11378;11379;11387
11596;11282;11300;11301;11306;11308;11309;11328;11329
11597;11256;11278;11286;11287;11289
11598;11257;11271;11273;11278
11599;11340;11342;11344;11345
11600;11492;11495;11496;11497;11498
11601;11499;11500;11505;11507;11508
11602;11395;11398;11399;11405
11801;11791;11793;12447;12491;12492
11802;11790;11791;11792;11793;11794;11795;11796
11803;11786;11787;11788;11789;11791
11804;11791;11793
11805;11773;11774;11784;11785;11786;11788
11806;11785;11786;11787
12332;12148;12204;12205;12206;12208;12210;12211
12333;12116;12117;12119;12122
12334;12318;12319;12320;12321
12335;12225;12228;12252;12253;12255;12257;12260;12261;12262;12263;13631;13634
12336;12295;12297;12298;12308
12337;12066;12067;12070;12074;12284;12287;12291;12292
12338;12076;12079;12104;12107
12339;12206;12208;12213;12214;12216;12219;12243;14359
12340;11954;11955;11960;11961
12341;12000;12001;12002;12094;12098
12342;12310;12317;12318;12320
12343;12320;12321;12322;12324;12325;12326;12330
12617;12481;12558;12562;12567;12572;12573
12618;12481;12558;12570;28059;28060;28061
12619;12480;12574;12575;12579;12580
12889;12682;12720;12845;12847;12848;12887;12888;14625;14628;14629;14630;14636;14637
12890;12682;12780;12863;14637;14639;14642;14644
12891;12719;12720;12888;14528;14608;14622;14623;14626;14627
12892;12683;12719;12721;12722;12734;12847;12859;12887;12888;14526
12893;12688;12689;12741;12790;12791
12894;12688;12692;12696;12763;12791;12807
12895;12696;12731;12763;12767;12768;12787
12896;12658;12671;12672;12677;12679;12794;12833;12834
12897;12663;12668;12746;12793;12794;12821;12822;12833;12836
12898;12661;12662;12737;12822;12823;12831;12832;12836
12899;12661;12736;12737;12832;12860;12866;12867;12872;12874;14762
12900;12659;12660;12661;12824;12825;14756;14758;14760;14761;14762
12901;6613;6616;6621;6637;6638;6639;6641;12664;12824;12825;12826;12827;14754;14756;14757
12902;6658;12664;12665;12811;12813;12816;12817;12824
12903;6431;12666;12809;12810;12812;12813;12814;12815;12816;12818
12904;12666;12797;12809;12814;12815
12905;6431;12666;12788;12795
12906;12664;12665;12738;12811;12818;12819
12907;12738;12739;12797;12815;12818
12908;12736;14755;14758;14761;14762
12909;12684;12736;12860;12862;14647;14648;14715;14755
13458;13288;13291;13292;13294;13302;13303;13304;13312;14468;14471;14473
13459;13302;13303;13305;13307;13309;13310;13312;13313
13460;12943;12990;13017;13020;13023;13024;13025;13046;13051;13443;13444
13461;13388;13394;13396;13397;13398;13403;13404;13411;13414;13415;13416;13422;13423
13462;13017;13431;13435;13437;13438;13440;13442;13443;13446;13448
13463;13366;13373;13380;13381;13382;13383;13384;13385;13386;13390;13405
13464;13359;13360;13361;13362;13365;13366;13369;13370;13382
13465;13320;13340;13342;13354;13355;13356
13466;13396;13399;13401;13403;13416;13417;13420;13428;13429
13467;13061;13066;13067;13411;13416;13422;13424;13425;13426;13427;13428;13429;13430;13432;13433
13468;13421;13427;13428;13430;13431;13433;13440;13441;13448
13469;13441;13442;13443;13444
13470;12960;12961;12962;12963;12968;12969;12973;12975;12977;12980;12981;12988;12991;13021;13022
13471;12985;12986;12987;12988;13018;13019;13020;13022;13023;13439;13455
13472;13438;13439;13453;13454;13455
13893;13771;13803;13804;13838;13839;13841;13842;13843;13862;13868
13894;13670;13675;13677;13681
13895;10688;10866;11008;13845;13847;13848;13852;13853;13888
13896;12253;12294;12295;12296;13596;13629;13630;13631;13632;13633;13641
13897;12290;13495;13514;13516
13898;13866;13882;13883;13884;13885;13886;13888;13889;14041;14042;14073
13899;13844;13860;13862;13863;13864;13865;13866;13869;13870;13871;13886
13900;13869;13870;13871;13880
13901;13883;13890;13891;13892
14196;13921;13922;13923;13932;14745;23781;23785;23786;23792;23794
14197;14004;14102;14106;14109;14110;14645;14646
14198;14106;14631;14632;14645
14199;14002;14003;14102;14108;14109;14110;14111;14112;14113;14114;14115
14200;14002;14108;14696;14749
14201;14002;14109;14646;14749
14202;13923;13927;13929;13932
14203;13927;13929;13930;13931;13951;13952;23779
14204;13927;13928;13932;13943;13944;13945
14205;13927;13928;13944;13951;13952;13953;23771;23772;23777;23778;23779
14206;13944;13948;13949;13950;23525;23527;23775;23778
14207;13924;13925;13926;13944;13948;13950;23468;23472;23474;23475;23477;23478;23523;23527
14208;13924;13938;13939;13940;13941;23416;23451;23459;23460;23463;23465;23472;23473
14209;13935;13936;13937;13938;13941;23415;23420;23426;23452;23453;23454;23459
14210;13933;13934;13935;13936;23418;23421;23426;23427;23443;23445
14211;13933;13959;13960;13961;13962;23430;23435;23443;23446;23449
14212;13961;13963;13970;23434;23435;23529;23530;23532
14213;13959;13960;13961;13964;13965;13966;13967
14214;13924;13926;13940;13944;13945;13946;13947
14215;13961;13963;13964;13969;13970;13973;13974
14216;13969;13970;13971;13976;13978;13979;13991;23532;23534;23535;23536;23537;23539;23540;23541;23542;23543
14217;23533;23534;23535;23536;23537;23538
14218;13977;13978;13979;13980;13981;13982;13983;13989;13990;13993;13994;13995;23361;23362;23364;23366;23368;23543;23545
14219;13983;13984;13985;13988;13989;14116;23368;23370;23371
14220;13984;13985;14020;14021;14022;14023;14024;14116;23370;23372;23373
14221;10862;13885;14020;14021;14022;14041;14042;23374
14222;23361;23543;23544;23545
14223;23362;23364;23404
14224;13940;13941;13942;13945;13946;13947;13958;14103;14121;14123;14128
14225;13954;13955;13956;13967;14123
14226;13975;13976;13992;13997;13998;14029;14118;14119;14120
14227;13956;13965;13967;13968;13972;13973;13975
14228;13978;13991;13992;13993
14229;13955;13956;14119;14122
14230;13954;14103;14121;14123
14231;13934;13935;13937;13941;13966;13967
14232;13920;13992;13993;13994;13995;13996;13997;13998;13999;14000;14001;14027;14029;14107
14233;13984;13986;13987;13988;13999;14000;14001;14025;14026;14107
14234;13986;13987;13988;13989;13995;14000
14235;14021;14023;14024;14025;14026;14027;14030;14032;14033;14037;14038;14040;14041;14107
14236;14030;14032;14033;14034;14035;14036;14037;14039
14237;14036;14039;14041;14073;14083;14084
14238;14010;14031;14034;14035;14036;14097;14101
14239;14028;14031;14097;14101;14104;14124;14126
14240;14103;14124;14125;14126;14127;14128
14241;14007;14114;14115;14117
14242;14094;14095;14096;14099;14114
14243;14108;14115;14751
14244;14096;14111;14112;14114
14245;13887;14054;14090;14092;14093
14246;14048;14054;14055;14078;14080;14088;14090
14247;14048;14060;14061;14062;14074;14079;14080
14248;14013;14064;14070;14072;14074;14075;14076
14249;14013;14076;14081;14082;14083;14084;14085;14086;14087
14250;14085;14087;14088;14089
14251;14067;14068;14094
14252;14007;14008;14095;14105
14253;14097;14101;14105;14117;14125;14126
14254;14008;14009;14014;14070;14072;14101;14105
14255;14117;14125;14129
14256;13954;13955;14103;14127
14257;13955;13956;14119;14122;14127
14258;14129;14130;14131
14259;13958;14125;14128;14129;14130;14131;14744
14650;12146;12149;12151;12152;12153;14360;14362;14364;14368;14369;14371;14531;14533;14534
14651;14410;14412;14417;14538;14542;14543;14546
14652;14045;14052;14053;14325;14326;14327;14328;14329;14340;14356;14392;14433;14435;14445
14653;13877;14344;14348;14349;14350;14351;14357;14358
14654;14324;14327;14338;14340;14341;14342;14345;14346;14347;14348;14351;14352;14353;14356
14655;13878;13879;14339;14341;14342;14343;14354
14656;14529;14558;14563;14564;14568;14569;14571;14573;14591
14657;14642;14643;14644;14647;14649
14658;14618;14619;14620;14628;14629;14630;14632;14633;14634;14635
14659;14616;14617;14618;14619;14620;14623;14624;14628
14660;14098;14600;14601;14609;14611;14612;14613;14614
14661;14424;14592;14593;14594;14595;14597;14598;14599;14600;14602;14603;14605;14609;14614
14662;14574;14577;14578;14586;14589;14594;14596;14604;14605
14663;14480;14540;14541;14542;14543;14544;14545;14547;14548;14549;14550;14551;14552;14554;14574;14575;14579;14580
14664;12141;13306;14455;14462;14463;14466;14467;14468;14469;14470;14472;14474;14478;14530;14532;14535;14537
14665;14588;14590;14604;14605;14606;14607
14666;14479;14480;14537;14540
14667;12207;12208;12212;12214;14359;14363;14371
14763;14712;14713;14714;14720;14721;14723;14738;14739;14740;14742;14753;14755;14758;14760
14764;14641;14747;14749;14750
14765;14649;14741;14747;14750
14766;14705;14706;14741
14767;14672;14679;14683;14684;14685;14686;14733;14737
14768;14669;14686;14687;14688;14689;14690;14691;14694;14696;14697;14699;14700;14701;14733;14736;14737
14769;14689;14690;14691;14692;14694;14695;14696
14770;14696;14697;14736;14741;14749;14750
14771;14687;14688;14689
14772;7510;7596;14673;14675;14735
14773;7510;7632;7640;14670;14671;14673;14737
14774;14669;14702;14748
14775;14697;14698;14699;14701;14702;14703;14734
14776;14703;14704;14705;14710;14731;14734
14777;14731;14732;14734
14778;14697;14703;14704;14705;14741
14779;14707;14708;14709;14711;14712;14713;14714;14715
14780;7536;7539;7549;14668;14726;14727;14729
14781;14719;14722;14727;14728;14729;14730;14731
14782;14710;14711;14716;14717;14718;14719
14783;7484;7485;7535;7549;7641;7653;14726
14784;6617;6622;7522;7651;14724;14725
14785;6617;14720;14721;14723;14724;14754
14786;7538;7540;7642;14668;14732
14787;7485;14723;14725;14726;14738
14788;7596;7597;14675;14676;14677;14679;14680;14681;14735;14746
14789;7597;9498;9504;14680;14681;14735
14790;9496;9504;14681;14745;14746;23790;23792;23793
14791;13932;13943;14100;14745
14792;13942;13943;13958;14100;14743;14744;14745
14793;14679;14682;14683;14684;14685;14686;14743;14745;14746
14794;14131;14686;14688;14689;14743;14744
14795;14108;14693;14751;14752
14796;14115;14117;14129;14751;14752
14797
14798;14129;14692;14693;14752
14799;14108;14692;14693;14695;14696
14828;14815;14819;14820;14821;14822;14823;14824;14825;14829;14840;14841;14842;14843;14844;14845;14846;14847;14856;14857
14835;14817;14818;14831;14833;14834;14852;14854;14855
14836;14849;14850
14928;14890;14891;14892;14893;14895;14896;27018;27025;27035
15295;15142;15154;15157;15158;15162
15296;15072;15075;15079;15082;15144;15146;15147
15297;15022;15023;15025;15026;15028;15034;15070
15298;15021;15024;15055;15058;15062;15063;15064;15129;15130;15131;15132;15134;15135;15136;15137
15299;15036;15042;15043;15044;15107;15109;15110
15300;15173;15180;15199;15200;15234;15235;15237;15239
15301;15151;15152;15153;15158;15159;15161;15215;15223;15224;15228;15229
15302;15092;15114;15115;15116;15117;15138;15139;15160
15303;15106;15111;15112;15208;15209;15223;15224;15225;15226;15227;15228;15229;15230
15523;15310;15311;15316;15317;15318;15319;15326;15327;15328;15329;15331;15332;15333;15335;15345;15346;15347;15350;15391;15392
15524;15441;15443;15509;27206;27209;27210;27211
15525;15266;15268;15269;15273
15526;15271;15272;15278;15289
15527;15366;15367;15368;15371
15528;15452;15467;15471;15511
15708;15538;15539;15542;15543;15544;15588;15705
15709;15545;15547;15584;15586
15710;15538;15544;15677;15678;15701
15711;15625;15642;15643;15645;15648;15649;15650;15651;15652;15653;15654
15712;15631;15633;15634;20930;20931;21055
15713;15629;15635;15638;15641
15714;15625;15643;15645;15646;15648
15715;15652;15654;15655
15716;15612;15661;15662;15663;15668;15669;15670;15671;15672
15717;15533;15535;15582;15678;15696;15698;15702
15718;15550;15551;15556;15559;15565;15579;15689;15690;15692;15693;15694;15696
15719;15548;15549;15550;15554;15561;15562
15720;15014;15018;15019;15532
15924;15842;15843;15844;15855;15856;15858;15859;15860;16068;16069
15925;15909;15910;15915;15916;15917;15918
15926;15820;15821;15822;15823;15825;15827;15897;15899;15908;15911;15912;15913;15914
15927;15826;15829;15832;15833;15834;15835;15881;15884;15885;15886;15900;15901
15928;15836;15837;15838;15868;15869;15870;15882;15883;15884
15929;15886;15887;15888;15890;15892;15895;15898;15900
15930;15893;15894;15902;15903;15905;15945;15946;15948
15931;15844;15845;15846;15847;15848;15849;15850;15855;15856
15932;15839;15840;15841;15842;15858;15859;15860;15862;15863;15864;15867
15933;15838;15839;15862;15863;15865;15866;15868;15869;15871;15872
15934;15874;15875;15876;15877;15878;15879;15880;15889;15969
15935;15777;15778;15779;15780;15781;15782;15783;15784;15785;15788
15936;15783;15785;15786;15787;15788;15789;15790;15791;16176
15938;15869;15870;15871;15873;15875;15876;15877;15883
15939;15878;15879;15880;15887;15888;15889;15891;15966;15967;15968
15940;15865;15866;15872;15873;15874;15969
15941;15861;15864;15865;15867
15942;15904;15905;15909;15918;15919;15920;15921
16022;15892;15893;15946;15947;15948;15949;15951;15952;15953;15954;16021;16342
16023;15950;15963;15965;15967;15968
16024;15964;15966;15969;15974;15975;15976;15977;15978
16025;15861;15978;15980;15999;16001;16002;16003;16066;16067
16026;15958;15959;15960;15962;15970;15971;15972
16027;15989;15990;15991;15992;15993;15994
16028;15987;15988;15989;15990;15991;15992;15993;16020
16029;15993;15994;15995;15996;16005;16006;16007;16008;16019;16020
16030;16004;16005;16006;16007;16008;16009;16011;16012;16013;16014;16017;16018;16019
16031;16015
16032;16010;16011;16012;16013;16014;16015;16016;16017;16038
16033;15970;15971;15972;15973;15974;15975;15976;15977;15979;15980;15981;15982;15983;15984;15985;16003
16034;15985;15986;15987;15988;15989;15999;16003
16035;15994;15998;15999;16000
16036;15950;15951;15952;15953;15955;15956;15960;15961;15963
16074;16015;16016;16037;16038;16039;16040;16041
16075;16010;16041;16042;16043;16044;16045;16046;16047;16048;16058;16059;16062;16063
16076;16059;16060;16062;16063;16064;16065;16066;16067;16070;16071;16072;16073
16077;15850;16049;16050;16051;16052;16053;16054;16055;16056
16078;15856;15857;16056;16057;16061;16072;16073
16106;16079;16080;16081;16082;16083
16107;16085;16087;16091;16092;16093;16094;16101;16102;16103;16104;16105
16108;16085;16086;16087;16088;16089;16090;16091
16180;15791;16175;16176
16181;16148;16156;16159;16177;16178
16271;16246;16247;16248;16249;16305;16310
16272;16193;16194;16196;16197;16232;16233;16235;16236;16237;16239;16241
16345;16330;16331;16332;16333;16334;16335;16336;16338;16341;17740;17750
16346;16265;16266;16269;16273;16274;16275;16276;16277;16278;16279;16280;16281;16282;16283;16284;17725;17726
16347;16257;16259;16260;16261;16296;16297;16298;16299;16300
16348;16328;16329;16330;16335;16336;16337;16339;16340
16349;16251;16252;16254;16255;16256;16257;16258;16259
16350;16293;16295;16313;16315;16316;16320;16322;16323;16343;16344
16351;16263;16264;16290;16291;16292;16293;16294;16299
16352;15943;15947;16308;16309;16311;16312;16314;16318;16342
16353;16251;16259;16300;16301;16303;16305
16354;16284;16286;16287;16288;16340;16341
16355;16287;16288;16289;16291;16292;16321;16322;16323;16324;16325;16326;16327;16328;16340
16356;16264;16265;16283;16285;16286;16287;16289;16290
16361;20635;20636;20637;20638;20639;20640
16579;16581;16582;16588;16590;16591;16592;16593;16594;16595;16596;16597;16599;16600;16601
16881;16878;16880;16882;16883;16904;16929
17020;16926;17003;17004;17019;17039;17052
17021;16879;16921;17001;17002
17022;16879;16924;16928
17023;16879;16880;16928;16929;16999;17001
17024;16877;16883;16902;16904;16905
17025;16874;16877;16882;16883;17054
17026;16882;16993;16994;17054
17027;16814;16816;16817;16822;16825;16829
17028;16824;16992;16993;17054
17029;16824;16826;16992;17046;17054;17055
17030;16809;16810;16816;16827;16828;16829;17041
17031;16996;16997;17019;17042;17062
17032;16823;16993;17043;17053
17033;16824;17043;17044;17045;17046
17034;16817;16820;16822;16825;16826;16834;16839;17047
17035;16828;16829;16832;17048;17049;17050
17036;16827;16828;16831;17048
17037;16743;16744;16788;16791;16792
17337;17331;17334;17339;17340
17434;17430;17432;17435;17438
17455;17438;17452;17453;17454;17554
17514;17334;17340;17507;17512;17513;17515
17543;17532;17533;17542;17544;17545;17546;17547;17548
17561;17552;17557;17558;17560;17566;17569;27371
17564;17432;17554;17562;17563;17565;17567;17568;17570;17579;17580;17593
17576;17568;17571;17572;17573;17574;17593;17595;17596;17598
17586;17583;17584;17587;17588;17594;17602;17603
17592;17587;17589;17590;17591;17598;27376;27380
17601;17572;17574;17598;17599;17600;27329;27332
17649;17640;17641;17642;17643;17766;17767;17768;17770;27746
17650;17634;17635;17648;27499;27541
17651;17636;17637;17639;17640;17642
17652;17632;17633;17634;17637;17644
17653;17643;17644;17648
17654;17642;17643;17644
17655;17696;17697;17702;17703;17747;17748;17783;17784;17785
17656;17625;17626;17628;17630;17631;17632;17646;17647
17657;17630;17631;17632;17633;17634;17635
17658;17636;17637;17638;17646;17647
17659;17636;17638;17639;17699;17704
17705;17697;17699;17702;17704
17706;17683;17684;17689;17690;17691;17692;17693;17694;17698;17700;17701
17707;17685;17686;17687;17688;17689;17690;17691;17709;17710
17708;17693;17694;17695;17696;17698;17699
17757;17724;17726;17727;17738;17739;17740
17758;17736;17737;17738;17740;17750;17751;17752
17759;17734;17735;17741;17742;17743;17744;17753;17754;17755
17760;17741;17742;17745;17746;17755
17761;17638;17645;17646;17698;17699;17700;17701
17762;17693;17695;17742;17743;17744;17746;17747
17763;17746;17747;17748;17749
17764;17692;17693;17709;17724;17732;17733;17734;17744
17765;17724;17733;17734;17735;17736;17737;17738;17739;17751
17790;17776;17777;17778;17781;17782;17784
17791;17768;17769;17770;17771;27751
17792;17748;17785;17786;17787;17788;17789
17793;27775;27776
17795;17745;17746;17749;17755;17756;17786;17787;17788;17789
17796;17771;17772;17773;17774;17777;27751;27753
17797;17777;17782;17783;17785
18111;20849;20850;20853;20909;20910
18213;17869;17880;17881;17884;17966;17967;17968;18000;18001;18002;18004;18005;18006;18011;18012;18013;18014;18015;18016;18017;18018;18019;18020;18022;18023;18024;18025;18027;18028;21070;21098;21100
18214;17869;18001;18004;18005;18006;18007;20962;20965;21051;21070;21072;21074;21075;21076;21085;21086;21089;21090;21091;21098;21099
18215;17882;17883;18007;18008;18407;18408;18409;18421;18422;18434;18437;18438;18442;18454;18457;18459;18463;18464;18465;18466;18467;18469;18470;18471;18472;18473;18482;18483;18535;18538;18551;18573;18574;18578;18608;21045;21046;21050;21051;21069
18216;17882;17932;17935;17936;17937;18008
18217;17882;17895;17896;17926;17927;17930;17932;17933;17934;17935;17936;17937;17938;17939;17940;17943;17948;17949;17951;17954;17955;17956;17957;17958;17959;17960;17998;18007;18009;18010;18013;18551;18597;18600;18601;18712;19086;19089;19091;19092;19093;19094
18218;17891;17894;17896;18002;18210
18219;17880;17887;17889;17891;17893;17897;17984;17987;17988;17989;17990;18002;18020;18021;18024;18086;18199;18201
18220;17867;17868;17870;17871;17990;17991;17992;18026;18029;18075;18080;18081;18201;18211
18221;17899;17900;17923;17925;18176;18178;18179;18180;18181;18185;18187;18188;19027;19030;19033;19043;19055
18222;17925;18178;18188;19030;19031;19033;19037;19043;19044
18223;17924;17975;17976;18172;18175;19056;19058;19065
18224;17903;17904;18107;18156;20792;20871;20872
18225;18107;18108;18156;18157;18158;18168
18226;17963;17964;17965;18030;18203
18227;17867;17868;17870;17872;17873;17878;17969;17970;17991;17992;17993;17994;18032;18033;18074;18204
18228;17966;20961;20962;20963;21091;21092;21095;21097;21100;21102;21103;21104;21105;21106;21107;21108;21109;21110;21111;21112;21137;21138
18229;18070;18071;18072;18073;18160;18164
18230;17872;17873;17876;17878
18231;17986;18087;18182;18184
18232;17888;17985;18083;18086
18233;17892;17893;17894;17895;17897;17927
18234;17895;17896;17998
18235;17929;17930;17931;17934;17953
18236;17928;17929;17941;17953
18237;18004;18009;18010;18011
18238;17962;18026
18239;17884;17966;17968
18313;18401;18402;18403;18406;18410;21024;21025;21044;21045;21046;21047;21049
18314;18395;18403;18404;18405;18406
18315;18404;18405;18411;18419;18420;18425
18316;18404;18420;18421;18425;18428
18317;18425;18426;18427;18428;18429
18318;18394;18618;18623;18624;18626;18632
18319;18620;18622;18623;18624;18625;18626;18627;18947;18948;18949
18320;18396;18610;18611;18615;18616;18617;18631;18643;18644;18656;18660;18707;18708;18719
18321;18567;18607;18609;18629;18652;18653;18654;18656;18686;18687;18688;18690;18692;18699;18703
18322;18659;18689;18695;18696;18697;18705;18710
18323;18394;18423;18612;18613;18615;18618;18628;18631;18632;18641
18324;18674;18675;18715;18717
18325;18430;18544;18646;18655;18664;18668;18672;18673;18674;18708;18709;18711
18326;18545;18546;18714;18715
18327;18655;18674;18675;18695;18696
18328;18430;18665;18667;18677
18329;18660;18663;18676;18711
18330;18643;18644;18645;18660;18661;18669;18670;18676
18331;18636;18642;18644;18669;18670
18332;18623;18631;18632;18634;18635;18641;18642;18644;18650;18651;18662
18333;18566;18604;18605;18607;18685;18703;18706
18334;18604;18605;18704;18706
18335;18560;18701;18702;18704;18706
18336;18559;18560;18602;18603;18704
18337;18560;18680;18682;18683;18701;18702
18338;18554;18559;18560;18561;18568;18571;18579;18580;18581;18596;18680;18683
18339;18550;18555;18561;18568;18571
18340;18553;18557;18562;18568;18572;18577;18581
18341;18576;18577;18580;18581
18342;18574;18575;18592;18593;18599
18343;18551;18590;18592;18597;18599
18344;18453;18597;18598;18600;18657;18658;18680;18681;18682;18684
18345;18453;18600;18601;18658;18689;18691;18710
18346;18540;18542;18582;18586;18589;18595
18347;18534;18570;18582;18595
18348;18533;18534;18537;18552;18569;18570
18349;18496;18519;18525;18526;18528;18529;18537;18552
18350;18506;18522;18523;18526;18527
18351;18490;18491;18498;18504;18506;18509;18510;18511;18512;18513;18514;18516;18517;18518;18521;18522
18352;18488;18491;18510;18524
18353;18488;18492;18493;18509;18510;18511
18354;18479;18484;18485;18486;18487;18489
18355;18455;18475;18479;18484
18356;18460;18462;18474;18475;18476;18481
18357;18456;18458;18474;18477
18358;18448;18450;18452;18476;18480;18606
18359;18436;18437;18440;18441;18452;18473
18360;18433;18434;18436;18437
18361;18421;18427;18428;18433;18434
18362;18466;18500;18501;18503;18522
18363;18469;18502;18520;18522
18364;18467;18468;18541;18552;18569
18365;18468;18538;18539;18540;18541;18542
18366;18403;18407;18408;18409;18410
18367;18403;18404;18407;18422
18368;18404;18421;18422;18438
18369;18442;18444;18458;18459;18461;18463;18465;18477;18578
18370;18467;18469;18552
18371;18467;18468
18372;18467;18468;18538
18373;18477;18508;18578
18374;18464;18498;18499;18505;18508;18515
18375;18464;18470;18472;18499;18500;18501
18376;18535;18574;18575;18599
18377;18601;18689;18691;18696;18712
18378;18601;18691
18379;18712;18715;18717;19082;19084;19085;19086;19090;19094
18380;18546;18716;19081
18381;18546;18715;19085
18382;18546;19080;19081;19084
18383;18661;18663;18676;18677;18678
18384;18645;18661;19014;19015;19019
18385;18636;18639;18645;19018
19100;18627;18886;18887;18900;18942;18947
19101;18942;18947;18950;18952
19102;18852;18853;18900;18902;18904;18905;18906;18907;18941;18942;18945
19103;18843;18852;18907;18909
19104;17928;17931;17933;17953;17995;19039;19040;19041;19042;19073;19079;19083;19087;19088;19089
19105;19009;19012;19020;19024;19031;19032;19033;19034;19035;19036
19106;19024;19027;19030;19032;19034
19107;19073;19080;19082;19083;19084
19108;18186;19040;19042;19043
19109;19041;19042;19043;19044;19045
19110;18671;19009;19015;19020
19111;18983;19074;19075;19076;19077
19112;18843;18909;18911;18912
19113;18840;18841;18898;18899;18918;18920;18921
19114;18891;18896;18898;18921
19115;18854;18896;18897;18925
19116;18854
19117;18854;18927
19118;18831;18854;18856
19119;18855;18856;18927
19120;18809;18824;18827;18828;18855;18926;18927
19121;18809;18828;18829;18889
19122;18809;18810;18812;18813;18815;18817;18821;18888;18889
19124;18810;18811;18812
19125;18813;18815
19126;18814
19127;18814
19128;18808
19129;18816
19130;18816
19131;18795;18796;18798;18801;18803;18806;18816
19132;18794;18803;18804
19133;18803;18804
19134;18807
19441;19434;19435;19436
19442;19430;19431;19433;19434;19435
19443;19424;19431;19432;19433
19444;19424;19430;19431
19445;19428;19429
19446;19425;19427;19428;19429
19447;19392;19421;19422;19423;19424;19425;19426
19448;19411;19412;19413;19414;19415;19416;19417;19418;19419;19420;19421
19449;19416;19417;19419
19450;19407;19409;19410
19451;19399;19400;19404;19406;19408;19409;19411
19452;19400;19403;19404;19405
19453;19365;19366;19367;19369;19370;19371;19390;19391
19454;19361;19364;19365;19367
19455;19361;19367;19368;19372;19373;19374;19379
19456;19372;19378;19379;19380
19457;19356;19357;19358;19359;19360;19361;19362;19378;19379;19381;19382;19387;19388;19389
19458;19381;19384;19385;19386
19459;19383;19384
19460;19387;19388;19389
19461;19359;19360
19462;19354;19355;19356;19357;19358
19463;19352;19353;19354
19464;19346;19347;19349;19350
19465;19339;19340;19341;19342;19343;19344;19345;19346;19351
19466;19351;19352
19467;19338;19339;19340
19468;19325;19326;19327;19328
19469;19308;19309;19310;19311
19470;19316;19317;19318;19319
19471;19313;19314;19315;19316;19318
19472;19312;19313;19315
19473;19348;19354;19358;19359;19360;19362;19363;19364;19366;19391;19392;19396;19397;19398;19399;19411;19421
19474;19346;19350;19351;19352;19354
19475;19398;19399;19400
19476;19348;19393;19394;19395;19396;19397
19606;19605
19610;19609
19611
19612;19628;19629
19620;19614;19615;19616
19621;19614;19615
19624;19622;19623
19636;19635
19653;19650
19667
19768
19769
19771;19727;19728;19729;19730;19731;19733;19735;19736
19772;19728;19729;19731;19732;19734
19803
19805
19811
19813
19822
19823
19824
19827;19809
19828;19812
19829
19830;19814
19832;19816
19833;19814;19815
19834;19802
19916;19915
19918;19917
20030;20026;20027;20028;20029
20121
20123;20122
20143;20142
20162;20163
20321;20320
20413
20414
20415
20416
20580
20581
20583;20582
20596
20597
20599;20598
20600
20601
20738;16878;16880;16995;16999
20751;18114;20745;20746;20854;20912;20924
20752;20746;20835;20837;20854
20753;20746;20747;20837
20754;20747;20748;20750;20829;20919
20755;20745;20748;20749;20924
20756;20749;20923;20924;20927;20929
20757;18113;20764;20915;20917;20923;20925;20927
20758;20750;20919;20926;20927;20928
20759;20915;20916;20922;20926
20760;18115;20764;20873;20875;20917
20761;18115;18116;20765;20771;20875
20762;18116;18117;20771;20772;20774;20885
20763;17973;18119;20889;20890;20892;20894;20899;20900
21139;21014;21015;21017;21018;21020;21021;21023;21025;21026;21039;21047;21048;21061;21063
21140;20971;20985;20988;20990;20991;21079
21141;20944;21052;21121;21127
21142;20940;20942;21052;21123
21143;21009;21010;21011;21058;21131
21144;21011;21058;21059;21060
21145;21011;21012;21013
21146;21011;21013;21014;21059
21147;21030;21059;21060
21148;21029;21030;21059;21061
21149;21027;21028;21030;21036
21150;21037;21064
21151;21038;21040;21048
21152;21040;21047;21048;21066
21153;21041;21047;21049;21065;21066
21154;20950;20973;20974;20975
21155;20946;20947;20950;20970;20971;20972;20987;21080;21082;21122
21156;20984;20986;20988;21133
21157;20991;20992;20993;20994;20995
21158;20967;20968;20989;20990;20991;20993;20994;21077;21078
21159;20996;20997;21002;21003;21004
21160;20998;20999;21134;21135
21161;20966;20998;20999;21000;21001;21022;21071;21135
21162;21022;21023;21024;21050;21051;21069;21071
21163;20930;20931;21056;21057
21164;21028;21035;21036;21037;21062;21064
21165;21040;21065;21066
21166;21037;21038;21040
21167;20966;21051;21071;21072
21168;20960;21092;21095
21169;20959;20960;21093;21117
21170;20960;21093;21095;21096
21171;20948;21121;21126;21127;21133
21172;20932;21057;21058;21131
21173;21056;21057;21058;21060
21174;21030;21031;21056;21060
21175;21027;21030;21034;21036
21176;21024;21045;21050
21177;21050;21069
21178;18403;18409;18410;21046
21179;21101;21102;21104;21105
23041;1609;22683;22684;22685;24691
23042;22700;22716;22750;22761
23043;22699;22701;22707;22710
23044;22695;22698;22699;22707
23045;22695;22700;22706;22722
23046;22696;22705;22714;22950
23047;22696;22708;22950;22951;22952;22954;22955
23048;22788;22929;22948;22952;22954;22955;22956;22957;22958
23049;22772;22776;22787;22795;22958;22959
23050;22703;22715;22752;22762
23051;22937;22938;22939;22960;22961
23052;22932;22936;22937;22938
23053;22934;22936;22939;22942
23054;22875;22876;22932;22933
23055;22871;22875;22917;22919;22920
23056;22863;22870;22873;22917
23057;22863;22864;22865;22866;22870
23058;22862;22876;22879;22933;22943
23059;22862;22874;22878;22879
23060;22859;22874;22877;22878
23061;22852;22855;22864;22865
23062;22845;22852;22854;22855
23063;22859;22877
23064;22807;22813;22821;22822;22823;22824
23065;22802;22803;22809;22810;22814;22815
23066;22767;22768;23006;23009
23067;22768;22797;23005;23006;23013
23068;22769;22770;22797;22941;22946;22947
23069;22769;22964;22967;22969
23070;22967;22968;23001;23002;23004;23008
23071;22985;22987;23001;23002
23072;22963;22964;22965;22969;22970;23014
23073;22935;22945;22962;22963
23074;22890;22962;22963;22965;22966
23075;22884;22885;22945;22962
23076;22890;22965;22966;22970;23016
23077;22890;22891;22971;22973;22983;23016
23728;9452;9542;23707;23712;23719;23720;23747
23729;9396;23715;23716;23989;23991
23730;23713;23714;23715;23716;23740;23741;23991;23995
23731;23716
23732;23740;23746;23989;23991;23993;23994;23995;23997
23733;9396;23717;23989
23734;9396;9461;9540;23712;23713;23715;23720
23735;23712;23713;23714;23747
23736;9398;9399;9532;23717;23990;23992;23999
23737;9399;9400;9465;9466;23955;23959;23971;23972;23979;23984;23999
23738;23688;23689;23693;23702
23756;23648;23649;23686;23743;23750;23751
23757;23688;23689;23694;23695;23748;23750
23758;23689;23742;23747;23752;23755
23988;23916;23940;23956;23975;23977;23986
24000;24019;24023;24029;24031;24033;24039
24001;23913;23940;23963;23976;23986;23987;24030;24032;24033;24039;24040
24075;23133;23134;23136;23166;23333;24273
24076;23121;23132;24271
24077;23121;23122;23138;24271
24078;23136;23249;23335;23337;23340
24079;23137;23255
24080;23137;23249;23250;23252;23257
24081;23136;23249;23255
24082;23137;23206;23248;23256;23257
24083;23187;23205;23210;23213;23214
24084;23141;23152;23161;23187;23188;23212;23213;24349
24085;23189;23190;23191;23813;23878
24086;23811;23812;23876;23878
24087;23150;23812;23878;24046;24052;24061
24088;23150;23195;23811;23812
24089;23140;23142;23150;23195;24061
24090;23186;23187;23194;23196;23197;23205;23245
24091;23658;23659;23909;23917;23918;23919;23920
24092;23916;23917;23919;23920;23968;23969;23975;23982
24093;23658;23909;23921;23922;23952
24094;23657;23658;23660;23665;23666;23922;23950
24095;23191;23880;24010;24012;24069
24096;23097;24198;24202;24241;24278
24097;23085;24241;24291;24297;24298;24362
24098;24196;24200;24203;24209;24212;24224;24280
24099;24188;24199;24203;24220;24224;24234;24279;24287;24289
24100;24212;24224;24285;24287
24101;24194;24200;24206;24207;24208;24209
24102;24132;24134;24135;24136;24155;24300;24303
24103;24153;24157;24330
24104;24140;24149;24153;24157;24311
24105;24132;24136;24299;24306
24106;23832;24186;24187;24364;24376;24377;24378
24107;23088;23103;24192;24193
24108;23836;23838;23858;23860
24109;23835;23858;23859;23860
24110;23833;23835;23841;23855;23858;23859;23868;24186;24378
24111;23803;23836;23838;23839
24112;23803;23839;23842;23844;23848
24113;23144;23175;23181;23182;23185
24114;23115;23146;23177;24277;24316;24317;24318;24322
24115;23144;23173;23177;23185
24116;23817;23819;23820;23821;23870;23871
24117;23806;23843;23844;23846;23851
24118;23130;23146;23147;24327
24119;23154;23160;23179;23180;23182;23183;23202
24120;23847;23851;23853;23862;24002;24003;24004
24121;23896;23900;23901;23902;23911;24036
24122;23760;23762;23769
24123;23761;23762;23763;23764;23769
24124;23760;23765;23768;23769
24125;23760;23765;23767;23783
24126;13930;23759;23761;23766;23770;23772;23779
24127;13930;23766;23767;23783
24128;23638;23654;23655;23656;23676;23684;23770;23773;23774;23775;23776;23777;23778
24129;23770;23771;23772;23773
24130;23684;23770;23773
24389;24183;24184;24189;24198;24202
24390;24199;24234;24241;24278
24391;23098;24184;24190;24351
24392;23088;23091;23099;24191;24192;24201;24350;24351
24393;23128;23131;23184;24274;24325;24326
24704;3439;24597;24598;24599;24600;24601
24705;3442;24601;24602;24613;24614
24706;24615;24616;24618;24624;24625;24626
24707;1540;1542;1543;24618;24619;24621;24622;24623;24624;24625;24699
24708;1550;1552;1564;1565;1569;24636;24638
24709;1565;24638;24639
24710;1565;1566;24639;24640
24711;1566;1580;24664
24712;24636;24637;24639;24641
24713;24639;24641;24642;24649
24714;24639;24640;24649;24662;24663;24664;24665
24715;24649;24651;24658;24663
24716;24661;24662;24668
24717;24669;24688
24718;1591;1592;1609;24669;24688;24691
24719;24660;24661;24662;24686;24687
24720;24660;24677;24678;24686
24721;24687;24688;24689;24690;24691
24722;24661;24667;24668;24669;24687;24688
24723;1581;1583;1584;24662;24665;24666;24667;24668
24724;1580;1581;24664;24665
24725;24562;24563;24564;24565;24577;24578;24584;24586;24589
24726;24495;24526;24527;24529
24727;24493;24494;24495;24527
24728;24490;24491;24493;24494;24497
24729;24494;24495;24496;24497
24730;24496;24509;24511;24513;24514
24731;24496;24497;24509;24700
24732;24487;24489;24490;24497;24700
24733;24459;24460;24461;24462
24734;24417;24418;24419;24420;24421;24422;24423
24735;24435;24436;24441;24442;24443
24737;24403;24408;24409;24410;24411
24738;24611;24613;24614;24615
25591;25589;25590;25592;25738
25600;25595;25596;25599;25601;25744;25823
25785;25597;25742;25743;25745;25749;25803;25805;25815
25930;25411;25692;25694;25695;25696;25697;25698;25699;25701;25702;25703;25704;25705;25706
25931;25626;25627;25681;25682;25784;25786;25787;25788;25789;25790
25932
25933;25670;25682;25685;25686;25689;25691;25692
25934;25494;25495;25496;25706;25707;25926;25927;25928
25935;25889;25895;25897;25898;25899;25901;25902;25904;25905;25916;25917;25918;25927
25936;25859;25860;25861;25862;25894;25896;25897
25937;25844;25858;25859;25864
25938;25810;25820;25824;25825;25826;25827;25829;25831;25832;25833;25834;25840;25844;25845
25939;25624;25767;25768;25769;25770;25772;25775;25776;25777;25799;25827;25828
25940
26097;25597;25598;25742;25745
26098;25602;25749;25800;25803
26173;3702;26217;26717;26719;26723;26734;26745
26174;3702;3727;3761;26213;26214;26215
26175;3695;3703;3859;3950;26212
26176;3675;3685;3689;3729;3787;3832;3885
26225;26187;26188;26192;26193;26195;26196;26197;26198;26199;26201;26202;26205;26208;26214;26215;26216;26393;26398;26550;26676;26678;26712;26716;26718;26719;26720;26750;26760;26763;26764;26766;26767;26768;26771;26774;26775;26776;26777;26778;26779;26781
26740;26715;26750;26751;26752;26768
26744;26710;26712;26713;26715;26718;26721;26732;26733;26747;26748;26757;26758
26769;26737;26746;26747;26756;26758
26770;26737;26743;26756;26757;26758
26985;26935;26946;26966;26970
26986;26941;26975
26987;5339;26941;26975
26988;26909;26957;26960
26989;26906;26932;26942;26952;26954;26957;26958;26972;26973
26990;26933;26934;26942;26946;26961;26972
26991;26935;26962;26965;26967
26992;26885;26891;26892;26910;26918;26925
26993;26847;26849;26853;26911;26924
26994;26885;26911;26912;26924;26926
26995;26877;26878;26886;26923
26996;26884;26887;26912;26923;26924
26997;26876;26886;26890;26891
26998;26875;26876;26889;26890
26999;26872;26873;26875;26888;26889
27000;26813;26871;26893;26895;26896;26900;26901;26928
27001;26812;26878;26884;26923
27002;26886;26887;26891;26912
27003;26805;26806;26832;26833;26834;26861;26902;26980;26984
27004;26834;26862;26980;26981
27005;26811;26814;26880;26881
27006;26812;26881;26883;26884;26924
27007;26814;26881;26924
27008;26814;26853;26924
27009;26823;26907;26915;26920;26929;26930;26931;26936;26937;26938;26951;26952;26955;26956;26976;26977
27010;26835;26840;26909;26953;26954;26957;26959;26979
27011;26454;26836;26942;26961;26962;26963;26967
27012;14900;27026;27027;27029;27030
27013;14892;14893;14896;14899;14900;27027
27083;27076;27077;27078;27079;27190;27191;27192
27109;27092;27105;27106;27107;27116;27121;27125;27197;27245;27246
27115;27102;27103;27111;27113;27134;27141;27142
27129;27123;27124;27125;27126
27151;27137;27140;27142;27143;27144;27145;27146;27147;27148;27149;27152;27154
27165;27146;27149;27154;27155;27158;27160;27161;27162
27166;27161;27162;27163;27164;27171;27183;27279
27189;27183;27184;27186;27187;27409;27410
27199;27195;27196;27197;27198;27201
27200;27079;27080;27092;27095;27096;27098;27191;27194;27195;27197
27208;27204;27205;27206;27207;27212;27215;27228
27214;27209;27210;27212;27213;27217
27220;27212;27213;27215;27216;27217;27218;27219
27227;27215;27216;27219;27221;27222;27223
27232;27198;27204;27207;27222;27228;27229;27230;27231;27239;27241;27242;27243;27249
27238;27234;27235;27236;27253;27254;27255;27256;27258;27260;27262
27244;27236;27239;27240;27241;27262;27263;27264
27250;27125;27245;27247;27252;27253
27251;27197;27233;27235;27237;27240;27242;27243;27246;27247;27248;27249
27274;27270;27271;27272;27273
27275;17559;17573;17574;17575;27271;27273;27327;27332;27362;27363;27365;27367;27370
27301;27216;27225;27295;27296;27297;27299;27300;27345;27352;27355;27358
27302;27355;27359
27303;27226;27239;27264;27295;27298;27300;27305;27307
27304;27272;27273;27298;27300;27309;27326
27318;27311;27312;27313;27314;27315;27316;27323
27325;27310;27316;27317;27319;27320;27321;27322;27323;27324;27328;27329;27330;27331;27372;27373
27333;17600;27273;27317;27326;27327;27328;27329;27330
27338;15400;15479;17526;17534;17535;27335;27337
27339;15400;15402;17530;17531;17532;17535;17536;17542;17545;27334;27336;27337;27341;27342;27344;27347;27348;27349;27350;27353;27354;27356;27357;27361
27351;27216;27218;27345;27346
27377;17599;27289;27293;27372;27373;27374;27375
27383;27374;27375;27376;27378;27379;27380;27381;27382;27387;27390
27396;27387;27388;27389;27390;27391;27392;27393;27399;27460
27397;17587;17605;17606;17607;17608;17609;27380;27382;27393;27394;27395;27404
27398;27393;27394;27399;27400;27401
27405;17608;17627;17629;27394;27401;27403;27404
27406;27401;27402;27403;27404
27408;27399;27400;27401;27402;27460;27462;27464
27435;27431;27432;27433;27470;27475
27443;27434;27436;27437;27438;27440;27473;27475
27465;27458;27459;27460;27461;27462;27463
27472;27469;27470;27475;27477
27478;27473;27474;27501;27502;27503
27486;27464;27482;27483;27484;27485;27491;27494
27493;27484;27485;27490;27491;27496
27500;17629;17630;17635;27402;27403;27464;27484;27491;27494;27495;27496;27497;27498;27499
27521;27499;27518;27519;27520;27536;27537
27532;27528;27529;27530;27531;27533
27543;27536;27538;27539;27540;27541;27542
27544;17648;27541;27542
27545;27536;27540;27541
27554;27553;27569;27570
27555;27552;27553
27556;27531;27553
27557;27514;27523;27524;27531;27552;27553
27558;27529;27530;27531;27553
27559;27552;27553;27568;27569
27564;27553;27560
27565;27542;27562
27566;27553;27560;27563;27570;27571;27574
27567;27528;27529;27538;27553;27560;27561;27562
27597;27593;27594;27595;27596;27621;27624;27660;27661;27662;27663
27628;27622;27623;27624;27625;27626;27627;27629;27630;27631;27632;27634;27660
27641;27631;27633;27635;27637
27648;27632;27634;27635;27637;27638;27639;27642;27643;27644;27645;27646;27664;27665;27667
27654;27647;27649;27650;27651;27668;27669;27785
27659;27650;27652;27653;27655;27656;27657;27658
27666;27660;27661;27662;27663;27664;27665;27667
27672;27663;27667;27668;27669;27670
27673;27669;27670;27671;27675;27676;27678
27674;27663;27670;27671;27675;27676;27680;27682;27692;27693;27695
27685;27680;27681;27682;27683;27684;27686;27692;27693
27691;27593;27596;27688;27689;27690;27694;27697;27700;27701
27696;27596;27686;27687;27688;27689;27690;27693;27694;27695;27713
27703;27586;27587;27592;27593;27697;27698;27700;27701
27704;27582;27583;27584;27585;27690;27697;27698;27699;27702;27713;27714;27715;27718
27709;27575;27706
27710;27563;27574;27575;27708
27711;27706;27707;27708;27720
27712;27575;27576;27580;27581;27582;27705;27706;27708;27718
27717;27713;27714;27715;27716;27718;27722;27724;27726
27723;27705;27707;27718;27720;27721;27722
27728;27719;27724;27725;27727
27734;27683;27684;27686;27687;27713;27716;27724;27727;27730;27732
27735;27679;27681;27683;27730;27731;27732
27736;27727;27730;27731;27733;27770;27771;27772;27779;27780
27741;27560;27563;27708;27720;27737;27738;27739;27740
27742;27560;27561;27719;27720;27721;27737;27738;27739;27740;27772
27748;27562;27743;27744;27745;27746
27749;27745;27746;27747;27774
27750;27561;27562;27743;27744;27745;27747;27772;27774
27755;27752;27753;27754;27760;27764;27776;27777
27761;27756;27757;27765;27766;27773;27774
27762;27751;27752;27754;27756;27758;27759;27774
27768;27763;27764;27766;27767;27775;27776;27777
27769;27757;27766;27767;27770;27771;27779
27778;27775
27784;27779;27780;27781;27782;27783
27790;27788;27789
27791;27678
27792;27677;27678;27679;27731;27733
27793;27785
27794;27785
27795;27785;27786;27787;27788
27796;27789
27808;27801;27803;27806
27809;27803;27804;27805;27806
27810;27801;27806;27807
27816;27803;27811;27813
27817;27814
27818;27801;27803;27812;27813
27819;27811;27814
27820;27813;27814
27829;27815;27822;27823;27824;27826;27827;27828;27920
27830;27825;27831;27909
27837;27832;27833;27834;27835;27836;27839
27844;27839;27840;27841;27842;27843;27845;27846
27850;27847;27848;27849
27851;27845;27846;27847;27848;27852
27858;27853;27854;27855;27856
27859;27856;27857
27860;27852;27853;27867;27868
27866;27848;27849;27852;27861;27862;27867;27868;27869
27877;27862;27863;27864;27869;27870;27871;27872;27873;27875;27876;27878;27879;27880;27882;27884;27894;27895;27898
27883;27878;27879;27880;27881
27889;27884;27885;27886
27890;27884;27895
27891;27880;27881;27882;27884;27885
27892;27885;27886;27887
27893;27886;27895;27896;27897
27899;27894;27895;27898
27907;27814;27815;27900;27901;27902
27908;27900;27901;27903;27904;27905;27906;27920;27921;27922;27923;27924;27925;27926;27927
27915;27855;27914
27916;27914
27917;27831;27832;27852;27854;27855;27909;27910;27911;27912;27913;27914
27918;27825;27909;27910
27919;27910;27911;27912;27913;27914
27935;27924;27925;27926;27929;27930;27933;27934
27936;27825;27826;27828;27910;27920;27921;27922;27923;27932;27934
27942;27931;27932;27941;27950;27951
27943;27939;27940;27941
27944;27938;27939;27940;27949
27945;27932;27951
27952;27946;27947;27948;27949;27953;27954;27955;27956
27959;27957;27958;27960;27962
27966;27964;27965;27968
27967;27964;27968
27974;27965;27968;27969;27970;27973
27999;27962;27964;27968;27975;27977;27978;27979;27984;27987;27988;27992;27993;27994;27996;27997;27998;28000;28001
28007;27987;28000;28001
28014;27972;27973;27980;27985;27986;27987;27991;28001;28004;28008;28009;28015;28016;28017;28019;28023
28021;28020;28106
28022;28019;28020;28025
28029;28019;28023;28025
28030;28028;28079
28037;28031;28032;28033;28034;28035;28036
28038;27855;27856;27857;27914;27946;27947;27948;27950;27951;27953;27954;27960;27961;27963;27965;27973;28023;28024;28027;28028;28031;28035;28036;28074;28075;28076;28078;28079
28046;28041
28047;28040;28041;28042
28048;28041
28049;28034;28035;28039;28040;28042;28044;28066;28067;28074;28075;28076
28057;28052;28053;28054;28055;28056;28081;28089;28090
28064;28055;28056;28058;28063
28065;12556;28060;28062;28063
28073;28067;28068;28070;28071;28072;28076;28077;28101
28087;28083;28084;28085;28086
28088;28081;28082;28083;28084;28086;28090;28091;28092;28093
28108;28025;28026;28027;28028;28077;28078;28079;28080;28099;28100;28101;28102;28104;28105;28106
28115;28044;28045;28050;28053;28066;28069;28070;28071;28089;28090;28092;28094;28095;28096;28098;28103;28104;28105;28106;28107;28109;28110;28111;28112;28113;28114;28116;28118;28121;28122;28123
28149;28142;28143;28144;28145
28150;28134;28142;28144;28146;28151
28158;28135;28136;28151;28152;28153
28159;28147;28148;28154;28155;28161;28163;28164
28166;28145;28148;28164;28165;28320;28322;28325;28326;28327
28167;28160;28161;28162;28163;28165;28238;28239;28318
28175;12730;12771;28137;28152;28156;28157;28168;28169;28171;28172;28173
28176;12557;28170;28171;28174;28177;28188
28184;12543;12544;12545;12556;28056;28063;28081;28082;28083;28085;28125;28126;28177;28178;28179;28180;28183;28193;28194;28195;28196
28191;28160;28186;28187;28189;28190;28192;28194;28197;28232;28233;28234;28235;28237;28238
28231;28226;28227;28228;28229;28247;28248;28249;28251;28280;28281;28286;28288;28289;28293
28244;28240;28241;28243;28319;28413
28258;28252;28253;28255;28256;28257;28259;28260;28436;28437;28440;28441;28442;28445
28272;28268;28270;28275;28276;28277
28273;28267;28268;28270;28271;28277;28280
28307;28279;28282;28300;28301;28302;28304;28305;28306
28312;28274;28308
28313;28308;28309
28314;28311;28503
28315;28261;28262;28263;28264;28274;28308;28309;28310;28311;28503
28316;28274;28275;28276;28278;28295;28297;28299;28301;28302;28303;28304;28305;28306;28308;28309;28310;28311;28423
28332;28143;28145;28327;28331
28340;6434;6436;28338;28339;28353;28354
28348;28336
28349;28343;28388
28350;28335;28336;28337;28338;28339;28341;28342;28343
28351;28324;28328;28333;28334;28336;28385;28386;28388
28358;6435;6678;6680;28355;28356;28357;28359
28432;28260;28437
28461;28454;28455
28474;28011;28012;28471
28482;28453;28476
28511;28498;28508
28512;28411;28510
28513;6463;6464;6465;6493;6494;6495;6496
28514;6493;6494
28515;28409;28410;28411;28504;28505;28506;28510
28516;28012;28013;28016;28017;28018;28471
28517;27992;27993;27994;27995;28455;28456;28459
28518;28488;28490
28519;28425;28426;28427;28453;28476;28478;28479;28480;28484;28485;28486;28489;28492;28493
28520;28500;28501;28502;28503
28521;28497;28498;28504;28505;28506;28507;28508
28522;28498;28499;28500;28507;28508;28509;28510
28523;28260;28261;28427;28430;28437;28439;28497;28498;28499;28500
28524;28425;28426;28428;28429;28450;28453
28525;28442;28443;28444;28447;28448
28526;28018;28020;28106;28107;28109;28110;28113;28114;28253;28254;28440;28441;28443;28444;28447;28452;28453;28471;28472;28475;28476
28527;28458;28460;28470;28473
28528;28472;28473;28475;28476;28477;28478;28479
28529;28493;28494;28495;28496;28497;28500
28530;6494;28397;28401;28537;28538;28539;28540;28541
28531;27995;27997;28002;28003;28006;28011;28459;28467;28468;28469;28471
28532;28401;28402;28403;28404;28405;28406;28407;28408
28533;6494;28540;28541;28542;28543
28534;28390;28394;28396;28399;28400;28402;28403;28404;28405;28406;28411;28417;28419;28421;28422;28423;28424;28500;28501;28502;28503;28510
28535;6495;6513;6514;6515;28339;28341;28342;28343;28344;28345;28346;28352;28353;28354;28356;28357;28359;28360;28361;28362;28363;28364;28365;28368;28369;28370;28371;28373;28378;28379;28382;28539;28540;28541;28542;28543
28536;28343;28344;28345;28346;28347;28388;28392;28393;28397;28537;28538
28544;28542;28543
28545;28541;28542
28546;28540;28541
28547;28539;28540
28548;28537;28538
28549;28346;28538;28539
28550;28397;28537
