1420;2659;2628;2661
1523;2656;2658;2657;2649;2655;2628;2659;2660
1779;2452;2451;2448;2460;2461;2462;2605;2604;2603;2602;2601;2599;2600;2598;2596;2597
1781;2835;6281;6285;6286;6214
1782;896;7030;895;894;7016;886;813;887;889;3028;3054;3029;7008;892;893;3030;3068;3021;812;3027;3069;3056;7013;3020;3022;7017;3018;7012;806;7026;3031;7025;7010;7011;805;803;3055;3026;3049;3059;804;3019;3051;3023;3025;7000;3004;7006;3005;3053;7021;3017;3066;7020;7007;3015;3024;6258;7033;7029;7018;7019;3007;3058;3720;3006;3013;3039;3033;3014;7015;7014;7002;7027;7032;3042;3008;3041;450;3052;7001;3070;7031;3037;3032;3063;3048;3050;3009;3038;3062;3067;3045;3012;7022;3046;509;3057;3035;3036;7023;3043;3010;3071;3065;7005;3064;677;3047;676;7003;3044;3011;7004;511
1783;1198;1199;1185;1179;1176;1159;1156;2844;1154;1153
1784;5085;5087;3270;5088;3268
1786;4452;4449;4455;4448;4447;4457;4461;4443;4472;4441;4432;4431;4424;4433;4429;4414
1787;6824;6822;6821;4533;6830;4288;4299;4532;4300;4519;4295;4283;4287;4285;4298;4293;4268;4286;4296;4518;4297;4294;4465;4284;4258;4259;4260;4261;4262;4263;4264;4255;4256;4257;4290;4289;4291;4266;4278;4273;4462;4456;4453;4550;4450;4451
1788;4548;4376;4444;2906;4442;4440;2908;4439;2910;4437
1789;167;150;148
1790;3228;6063;6579;3227;3225;6591;3224;6071;6058;6574;6057;6567;6054;6683;6568;6584;6586;6587;6080
1793;461;469;6098;471;6088;502;6089;6096;476;6097;477;3196;5718;5734;6593;5733
1794;504;505;592;499;500;501;6102;6101;3193;3194;6100;3195;488
1795;648;645;2930;583;2927;2926;571;2924;2925
1796;2454;2452;2455
1797;1014;2757;1835;1901;1031;1029;1953;1836;1032;1882;1041;1042;1881;1040;1879;1038;1810;1935;1949
1798;2250;2294;2295;2252;2296
1799;1062;1060;1061;2137;1063;1064;1065;1107
1801;2848;1200;1201;2845;1199;2787
1802;2215;2211;2212;2350;2349;2214;2360;2216;2362;2395;2219;2363;2364;2264;2365;2366;2378;2377
1803;2224;2225;2282;2223;2265;2281;2280;2278;2266;2277;2275;2344;2343;2347;2345;2346;2341;2342
1804
1805;1771;2503;2006;2012;2003;1994;2014;2016;1971;2017;1964;2013;1967;2027;2047;2046;2039;2033;2042;2043;2044;2045
1807;2270;2269;2271;2273;2338;2268;2294;2309;2300;2301;2299
1808;6459;6458;6465;6460;3465;3473;6466;3479;6473;6480;6482;7034;3546;3547;7028;3549;3550;3551;3552;3483;3553;3484;3554;3485
1811;3292;3290;3289;3293;3279;3278;3294;2060;2059;2138;2057;2827;2825;2824;2113;2115;2127;4657;4658
1812;2303;2302;2298;2297
1814;2308;2307;2306;2305;2304
2000;995;968;998;994
2001;6271;976;979;6270;6268;3188;973
2194;5182;4994;5206;5181;5193;5325;5178;6811;5336;5169;6820;5203;6810;5176;5174;5421;5382;5381;6806
2200;5200;6814;4351;4313;4324;4312;4311;4326;4334;6826;4325;6813;4335;4310;4314;4327;4353;4301;4315;5405;4349;4316;4336;4309;4344;4360;4317;4337;4539;4308;4348;4329;4307;4354;4352;4318;4345;4538;4355;4541;4319;4534
2251;2357;2400;2358;2353;2399;2398;2351;2397;2392;2391;2396;2349;2393;2360
2334;4824;6300;4982;4776;4835;5424;4775;6301;4756
2425;676;2975;4099;4098;2981;4126;2969;2968;2970;2979;2980;675;2971;2973;2983;2978;2976;2984;674;4035;2974;2972;2982;2977;2952;2985;650;673;2951;652;4036;655;653;4037;672;4039;2949;4038;656;4041;4040;669;4042;665;668
2471;6278;6272;979;981;983;6280;984;3189;986
2608;3263;5104;2885;619;4217;5103;4028;5101;2886;620;5098;5097;5100;2887;4086;4227;623;4081;4083;4085;2888;4228;4078;4215;4214;4229;2889;2890;2891;4027;2892;632;4239;4216;4082;4230;4088;633;4079;4080;4110;636;4124;4084;643;647;637;642;641;638
2740;2447;2439;2441;2385;2416;2458;2442;4328;2457;4403;4402
2936;2786;2785;2770;2771;2775;2782;2776;2777;2779;2778
2938;2650;2714;2658;2715;2648;2649;2665
3142;3181;3489;3174;3182;3173
3143;3183;3182;3322;3323
3144;3384;3383;3415;3382;3416;3398;3385;3397
3145;3380;3419;3420;3421;3423;3424;3411
3146;6910;6206;6525;6911;3490
3147;6900;3166;6902;3178;3179;3273
3148;6904;6893;3165;3166
3190;2900;2901;585;558;2902;646;2930;2905;2907;2909;2929;2928
3191;2928;2909;2926;2911;2923
3192;6690;6688;6692
3198;460;6099;461;6098
3199;6091;6092;6093
3200;6096;6097;5793;5789
3201;6097;5789;5734;5736
3202;2475;2478;2474;2477
3203;2473;2472;2486;2470;2485
3204;2466;2474;2473;2472;2468
3261;4808;4783;6300;4777;4942
3262;6301;4836;4754;4752
3275;2054;3277;2060;2058;2059
3276;3296;1864;3298
3281;3282;2051;3286;3280;2052
3288;3290;3287;3286;3289;3279
3291;3310;1813;3308;3285;3306;3284;3290;3292
3297;3298;1864;1810;3299;3300
3301;3306;3304;3295;3303;3302;3296;2855;1957;1864
3309;1850;3311;3310;1852;3307;3308
3314;1774;1984;1792;2821;1776;3313;1800;3312;1850;3311
3508;695;694;204;200;201;197;193;195
3531;6938;3521;3520
3532;6931;6932;3527;3526;3521;6938
3533;3493;3505;3494;3504
3534;3492;3505;3493
3535;3695;3332;3694;3320;6223;3693
3536;6911;3490;6913;3696;3332;3695
3538;6935;3537;6933;6932;6938
3556;3680;3524;3679;3523;3670;3517;3664;3514
3557;6937;3708;6927;3702;3529;3703;3681;3524;3680
3558;6917;6916;6918;3697;3698;6919
3710;3689;3675;3505;3676;3674;3688;3510;3668;3509;3667
3711;3693;6223;3692;3491;3685;3689;3492
3725;4044;4045;4046;2872;4151;863;4123;4552;2933;4047;4050;4125;871;4048;4236;2873;4052;4049;4055;1806;2874;4053;884;897;896
3726;2959;2958;4100;2947;2960;4127;2961;4126;2950;2946;2962;4240;511;2987;2957;2956;4093;2954;4238;2945;4034;4032;2948;2964;2967;2971;2965;4033;2944;2955;512;2966;2939;4031;650;2943;2941;4030;539;6759;2940;2942;540;3223;537;530;529;534
3727;3265;3270;4219;4222;4223;3268;5098;4220;4221;4091;4111;4112;4113;4231;4089;4114;4090;2918;4087;2915;2914;4218;4086;2895;2894;2917;4092;4106;4094;2893;2892;4109;4088;4095;4107;2916;4108;2900;4110;558;2901;585;647
4000;3271;5093;5131;5094;3272;3269
4115;2631;2666;2632;2663;2667;2646;2647;2639
4116;2648;2712;2665;2647;2704
4132;2426;6279;6281
4133;5165;5161;5384;5159;5386;5157;5389;5153;5391;5152;5392;6845;5090;5086;6846;6844;6847;5088;6842;5155
4134;5172;5173;5170;5171;5174;5381;5378;5168;5383;5165
4135;5205;5220;4994;5202;5201;5181;5197;5183;5211;5184;5169;5176;5177
4136;5382;6807;6806;5379;6803
4146;6268;973;972;974;964;954;3187
4153;4174;4180;992;4173;990;2870;2897;4183;4193;4175;4181;4166;4171;4164;739;2896;4025;4026;2898;2899;2869;4024;742;2863;4152;743;4163;2868;2864;2935;2865;2866;4023;4022;4151;850;4074;2867;2871;2995;849;4021;4096;858;852;4553;4054;4044;860;4043;4045;861;863
4154;6371;6370;6375;6380;6382;6377
4155;780;781;436;784;779;437;791;435;438;429;422;439;797;425;802;441
4156;4211;5002;6214;5006;4210;4209;4208;4207;4206;4205;4204;5001;6287;4203;4201
4157;4232;64;65;4241;62;18;61;28;17
4159;2639;2664;2640;2637;2636
4160;184;3723;194;182;340;3578;3362;3577;189;183;185;217;3998;4644;4646;187;3999;336;4643;4645;186;212;170;150;167;211
4161;263;356;270;354;912;314;311
4162;317;362;409;408;411;366
4167;294;289;913;364;838;290;6513;291;377
4168;254;342;261;262;350;911;351;260;356;263
4169;2654;2627;2629;2655;2628
4170;4758;4757;4966;4760;4762;4749;4747;4704;4823;4954;4739;4705
4172;6376;6393;6398;6401;6395;6394;6397
4177;994;998;969;963;962;1000;3186;6267
4178;527;528;526;525
4179;2379;2381;2380;2460
4276;2442;4328;2448;2451;2452;2453
4321;158;71;4343;152;4232;65;70;64;62;4241;69
4322;4402;4328;4403;2457;1195;2453
4650;6818;4833;5407;5409
4651;4830;5430;4970;4971;4829
4652;4832;4831;5430;4640;4970;4639;4642
4653;4830;5409;4971;5410;4829;4972;5413;4902;4843
4654;4812;4828;4814;4902;4901
4655;5416;5413;4975;4974;4843
4656;4921;4857;5417;5416;4976;4975
4677;5783;5808;5810;5726;5807
4678;5726;5808;5752;5769
4679;5726;5807;5740;6321
4680;5808;6316;5769
4681;5756;5770;6318
4682;6316;5769;5770;5756
4684;5740;5749;5806
4685;5749;5806;5776
4686;5779;5749;5756;5727
4687;5727;5775;6315;5777
4688;5749;5727;5776;6315
4689;5756;5775;5727
4863;6318;5767;5756;5775
4865;5768;5757;5758;6318;6317
4866;5771;6320;5770;5768
4897;5771;6316;5770
4929;5782;5783;5781;5808
4995;6842;6830;5155;4247;4245;2922;4246;4282;4248;4244;4242;4243;4267;4277;4281;4249;4280;2918;4271;4270;4250;4279;4255;4269;2921;4251;4450;4274;4272;4275;4252;4253;4445;4292;4254;4376;4265;4446;4548
4996;5038;5040;5037;4069;4105;5052;4070;4068;4071;2878;4075;4072;4073;4237;4101;2879;4102;4103;2880;2881;2963;677;678;2882;674;2883;673;4029;2884;672;5105;4117
4997;4150;2989;4213;5322;2988;5030;4053;2934;4097;4212;896;4065;2986;5035;4066;2931;4165;4067;2876;2875;4104;4076;4061;2932;5036;4060;4056;2877;4059;5037;4077;2937;4058;4057;4105;2878
4998;5303;4198;5005;4020;3003;4197;3002;5020;3001;4195;3000;4145;2999;4130;2998;5024;4148;4147;4143;2997;4118;2996;2994;4131;2993;5025;4129;4142;2992;4064;4125;4063;5028;4144;2991;4062;2990;4141;4051;2989;5322;4150
4999;4145;4164;4120;4158;4149;4143;4119;4122;4128;4142;4121;4123;4129
5394
5395
5396
5397
5398
5399
5537;5539;5521;5530;5534
5559;5728;5720;5725;5747;5748
5561;6717;5542;5544;5543;5552;5547;5556;5671;5568;5567;5564
5604;5748;5725;5751;5724
5610;5725;5721;5724
5655;5721;5724;5723;5722
5656;5723;6308;5722;5766
5672;6659;5523;6654;6656;5511;5512;5439;6606;5525;6657;5522;5526;5527
5673;5751;5724;5754;5753
5701;5753;5724;5723;6308;5765
5778;5752;5726;5740;5769;5749;5779;5756
5866;6308;5765;5764;6309
5884;5754;5753;5765;5760
6026;5751;5754;5755
6105;6104;6103;6101;571;6100;5432;5461;5475;5533;5465
6106;691;3197;687;686;684;692;6102;6103;6101;6104
6107;6094;6095;6096;5793;5795;5801;5799
6108;397;458;398;459;6092;6099;6093;6094;6098;6095
6109;392;6091;6093;6094
6110;6730;6726;5971;6725;6723;5973;6724;5988;5663;5990;5658;5992;5991
6111;5917;5915;5867;3211;5911;3212
6112;6029;6125;6028;5890;6022;5889;5887;6025;5870;5917;5867
6113;5485;5487;5489;5484;6029;5666;6028;6027
6114;5678;5482;5695;5483;5696;5880;5484;5881;5882;5878;6029;6125;5879;5890
6115;486;5478;5676;5677;5479;5678;5482
6116;5651;6005;6006;5652;6008;5654;6011;6010;6013
6117;5639;5652;5636;5654;5635;6013;6014
6119;5587;6640;5567;5611;5569;5566;5584;5578;5583
6120;5696;5881;5697;5703;5883;5838;5877;5871
6121;2378;2377;2267;2366;2367;2475;2474;2478;2467;2369;2481;2340;2466;2371;2491;2380;2463;2507;2494;2504
6122;2339;2336;2512;2507;2511;6758
6124;4189;4190;4185;4184;4187;4186;4180;4182;4188;4192;4183;4193
6143;5739;5748;5750;5751;5755
6150
6168;180;345;179;3362;173;174;175
6198;5323;5321;5320;5006;5008;5007
6239;6313;5739;5750;5743
6259;6313;5772;5743;5771;6316
6260;5743;5750;6320;5771
6261;5750;6320;5755;5757;5768
6262;5760;5761;6309
6263;5757;5755;5760;5759;5761
6264;5757;5758;5759
6288;2426;2830;6276;6279;2832;970;2829
6325;6322;6326;6331;6323;6324
6328;3520;3519;6327;3515;6329
6335;6333;6334;6351;6336
6337;6336;6351;6967;6347;6968
6339;3513;6340;3511;6342;6352
6343;6341;6340;6345;6346
6356;6353;6348;6349;6350;6355
6358;6357;6352;6363;6364
6362;6360;6355;6354;6361;6365;6366
6367;6359;6365;6368;6370;6371;6366
6374;6373;6371;6375;6376
6379;6382;6381;6378;6392;6388;6391
6390;6389;6396;6441;6386
6403;6401;6397;6399;6404
6407;6406;6405;6410;6409;6408
6413;3457;6412;3454;6411;6418;3444;3453
6416;6410;6415;6419;6417;6412
6426;6421;6422;6425;6427;6433;6428
6432;6428;6431;6430;3433
6437;6440;6439;6438;6442;6435;6436
6444;6445;6442;6443;6446
6450;6445;6484;6446;6449;6462
6451;6449;6448;6461;6452
6456;3461;3456;6453;6458;3455;3451;3465
6457;6454;6455;3454;3456;3455
6463;6462;6461;6464;6470;6469
6467;6468;6466;6475;6473
6472;6471;6474;6475
6477;3545;6476;6478;6471;6475;6479
6502;1219;1218;1215;1214;1213;1217;1211;1210;2850;1209;1206;1208;2852;2851;1204
6504;2374;2382;2372;2379
6505;5052;5053;3267;3266;5105;3264;5096;5099
6506;933;1002;4669;4664;2828;4665;1010
6507;1060;1070;1069;1108;1066;1107
6508;2191;2192;2355;2354;2205;2184;2185;2207;2352;2193;2204;2348;2202;2210;2195;2215;2196;2201;2211
6509;1810;1949;1941;1950;1947;2096;1876;2095;1946;2094;1870;1868;2065;1872;2064;1130
6510;1121;1120;1123;1153;1014;1128;2836;2609;1152;1147;1131;1145;1025;2757;1031
6545
6546
6553;364;6513;363;371;377
6558;6250;6249;6254;6245;6557;6246;6247;6556;6244;6255;6554;6241;6242;6248;6256;6243;6555;6257;6251;6253;6252
6560;6826;4337;6825;4338;4307;4305;4306;4339;4350;4303;4304;4534;4302;6821;4533
6561;5405;4331;4330;4332;4319;4320;6818;4342;4341;4355;4356;4340;4359;4323;4833;4541;4834;4973
6562;6836;6832;6831;6837;6838;6829
6563;5393;5392;6840
6564;5383;5384;6835;5422;6834;5385;6836;5388;6837;5390;5393;6840;6828;6829
6565;5214;5175;6815;6801;5380;6800;6812;6817;5204;5406;5407;6819;6818
6589;6567;3230;3231;6580;6584;6582;6084;6059
6596;5512;6660;6606;5539;6653;5509;5513;5515;5514;5521
6689;5493;5491;5494;6742;3206;5492;6743;5454;6739;5455;6745;5664;6744;6737;6705;5497;6708;6707;6736;6704;5665;6703;6709;6738;6713;6686;6702;6714;6690;6688;6711;6701;6734;6710;6716;5615;6718;6685;6733;6692;6700;6687;6693;6697;6694;6699;6732;6731;6720;5616;6696;6695;6698;6721;6730;6726;6722;5617;6725;5620;6723;6724
6746;6731;6732;6730;6062;5970;5971;5969
6747;6734;6733;5666;6027;5925;6024;6023;5968;6732;5967;6062
6749
6798;6827;6828;6825
6799;5422;5175;6833;6815;6832;6831;5200;6827;6826
6850
6887;6879;3486;6880;6882
6892;6891;6889;3157;3158;6893;3165
